2.02259
2.01736
2.02156
1.99989
2.0148
1.99265
2.00121
1.96086
2.02194
1.97501
1.96649
1.953
2.0135
1.97851
1.98411
2.00069
1.95913
1.95774
2.01325
2.02062
2.02576
2.01012
2.01785
2.01662
2.00931
1.98116
2.00353
2.00447
2.03048
2.06289
2.03136
2.00941
2.04445
1.99315
2.01404
2.00997
2.01845
2.01446
1.99047
1.98655
1.97756
1.99737
2.05213
1.96249
1.99703
2.05212
2.04191
1.97591
1.99634
2.02265
1.95786
1.97595
1.99676
1.99123
1.95677
1.97971
1.98546
2.00122
1.98273
1.98826
2.0261
1.97925
2.00183
2.0248
2.02156
1.98655
1.98812
2.00824
2.00311
1.98868
1.98936
1.97115
1.99253
1.98064
2.05036
1.95642
1.98353
1.97679
2.02116
1.9849
2.04599
1.98232
1.97554
2.01794
1.9558
1.99052
1.98354
1.99616
2.04364
1.95508
2.0227
2.01821
1.99291
2.02118
2.00021
2.00137
2.00414
1.98242
1.99183
2.04854
1.97198
2.03646
1.97187
2.03739
2.03916
2.01541
1.986
2.00393
1.98788
2.02329
2.00504
1.97693
1.94562
2.00599
2.03673
1.9819
2.00443
1.94968
2.01532
1.96566
1.95704
2.02529
1.98992
2.0252
1.98149
1.96685
2.03789
1.97665
1.9974
1.97353
1.979
1.9666
2.04504
2.0578
1.9812
1.98465
1.9879
1.97372
2.03119
2.04075
1.9815
2.00835
2.02338
1.98332
2.05118
1.98007
2.01385
1.96672
2.02001
2.04908
2.00541
1.97632
1.95536
2.00809
1.99993
2.01048
2.00466
1.99939
1.93466
2.01927
2.03194
1.98651
2.0006
1.96468
2.01633
1.97123
2.0353
1.98268
2.03463
1.95815
2.04487
2.04606
1.98378
1.99026
2.00291
1.96281
2.02789
1.97921
2.02768
2.03736
1.98679
2.00945
2.05509
2.01771
1.97991
1.98912
2.00753
2.00348
2.02432
2.02619
1.95604
2.04742
1.99148
2.00596
1.9869
1.98006
2.01858
2.03093
2.03912
1.9826
2.05066
1.99204
1.99563
2.01702
1.96642
2.05458
1.9858
1.97217
2.03039
2.00225
2.02249
2.03802
2.00496
2.02059
1.99178
1.97226
1.99563
2.01448
1.99654
2.00098
1.99346
1.94973
1.98064
2.00537
2.03674
2.01841
2.00893
2.00557
2.03548
2.06958
1.93208
2.02552
1.93333
1.97681
2.02028
1.98564
1.98866
1.99795
1.94623
2.00227
1.97847
1.99091
2.0066
1.93545
2.01196
2.00945
1.9853
1.97929
1.98183
1.97093
2.0476
1.9292
1.99276
2.02118
1.99067
2.00632
1.95965
2.00268
1.98776
1.95547
1.991
1.98685
1.96827
2.04828
2.00762
2.00947
1.97119
1.96935
1.98679
1.99725
2.01316
2.02208
1.99357
1.96882
2.03807
2.05084
1.96276
2.03242
1.99918
2.04981
2.03735
1.98742
2.0246
2.01366
2.0395
2.02734
1.93895
1.97671
2.00662
2.0475
1.99144
1.93761
2.05487
2.00642
1.95578
1.98633
1.98265
1.97676
1.99763
2.04651
1.973
2.01751
2.02972
2.05143
1.99244
2.04118
2.01284
2.03925
2.00749
2.02333
1.97159
2.01887
1.98671
1.94582
2.03773
2.00556
2.00896
1.98349
2.06939
1.98782
1.99891
2.00707
2.02506
2.02414
2.01481
2.03314
2.02807
2.00722
2.04368
2.01554
1.92799
2.0472
2.03183
1.99835
1.9541
1.97727
1.99007
1.97014
1.99219
1.99351
2.03522
2.0199
2.0027
1.97642
2.02922
2.0307
2.01984
1.96872
2.01916
2.04
2.03481
2.01293
1.98378
1.93368
2.03008
1.99303
2.00196
1.95373
1.92092
2.04167
1.98098
1.98993
1.99235
2.02404
2.00271
2.04408
1.96961
1.99949
1.97798
2.02443
1.98928
1.9576
1.97741
1.99905
1.96409
1.96491
1.97185
2.03024
1.99371
1.98972
2.02372
2.00439
2.02632
2.00257
2.03397
1.9983
1.99361
2.00546
1.9863
2.02379
2.0052
1.98443
1.98599
2.03422
1.98891
1.99223
2.025
2.03673
1.98383
1.96644
1.98
1.98879
1.95539
1.99183
2.00909
2.00982
1.98723
1.9976
2.04244
2.06077
1.98459
1.96191
1.98262
1.96602
2.01167
1.98997
1.97333
1.95727
2.0154
2.02655
1.9819
1.99671
1.9932
1.98951
1.97751
2.01158
2.00088
2.00484
2.00242
2.00966
1.99457
1.97264
1.96613
2.03563
1.95545
1.98681
1.99541
2.00163
2.00854
1.99085
1.9817
1.93457
1.96543
2.00421
1.98793
1.9377
2.0155
2.00948
2.02808
1.98945
1.95147
2.02785
1.9816
1.96508
2.03298
1.9998
1.95877
1.99079
2.01559
2.02249
2.00936
1.97551
1.92117
2.01225
2.02082
1.96075
1.97349
2.03969
2.01526
1.9608
2.03493
2.04025
1.92674
1.99394
2.03157
2.04551
2.02684
1.96931
2.00238
1.98197
2.00518
1.92588
2.02701
2.0291
2.00544
2.00635
2.05581
2.01247
2.00663
2.02966
1.99277
1.95597
1.97656
1.96674
2.07261
2.0406
1.99974
2.00976
2.02961
2.02612
2.00811
1.99381
1.98946
2.00517
1.97559
2.00771
2.03268
1.97093
1.97116
1.9834
2.01011
2.02583
1.98075
1.99311
2.00204
1.97171
1.98119
1.94144
2.02083
1.9819
1.9586
1.95456
1.96622
2.03561
1.97006
2.06859
2.00297
1.96517
1.94314
1.99163
1.96718
2.09487
2.01618
1.90187
2.05715
1.97139
1.96794
2.00377
2.02099
1.98778
2.01193
2.00572
1.98363
2.02303
1.98019
1.95455
1.96087
1.99941
1.94979
1.98423
1.99122
1.95953
2.00224
2.02161
2.02615
1.99727
2.03683
2.02935
1.96718
1.9889
2.02271
1.975
2.01049
1.98325
1.95182
1.98328
1.99875
1.96306
2.05146
2.01081
1.96352
1.99217
2.00626
2.07503
2.04538
2.00589
2.01791
1.98734
2.03377
1.97849
1.97566
2.01442
1.96423
2.02117
1.99431
2.06252
1.97304
1.95917
2.00836
2.02455
1.95334
2.00677
1.99915
2.01431
1.97577
2.04549
1.97967
2.00021
2.01009
1.97135
2.02172
2.00146
1.98277
2.03332
1.97255
2.03784
2.0261
2.02639
1.99711
2.01285
1.99501
1.98696
1.97335
2.00654
1.96958
2.01601
1.9395
1.99627
1.97708
1.94378
1.99418
1.98744
1.9998
1.97177
2.00609
1.97982
1.99132
1.98418
2.03994
2.04713
1.99515
2.05492
1.96715
2.03596
1.94072
1.96754
2.01179
2.00599
1.98114
2.02857
2.0683
1.99464
1.98908
2.01325
1.9512
2.02051
2.02873
2.0481
1.92682
1.9798
1.96782
2.01974
1.99076
2.00978
1.9674
2.00383
2.00564
2.00422
1.99526
1.94591
2.05176
1.96784
2.02466
1.9808
2.02447
1.96866
2.04906
1.9945
2.01728
2.00912
1.98725
1.96896
1.98144
2.00736
2.02878
2.03326
1.9807
1.97028
1.9743
1.95552
1.97387
1.96189
1.98393
1.97689
2.00431
1.9369
1.98536
2.05339
2.01511
2.02067
1.95561
1.99239
1.97197
1.98418
2.00363
2.04358
2.00467
1.99056
2.00163
1.98962
1.96355
1.97029
1.99845
2.03468
1.9809
1.99865
1.94178
1.96747
1.98579
1.97075
1.9727
2.01641
2.02697
1.93674
1.98438
2.03616
2.0247
1.99326
2.03212
1.99146
2.06032
2.02351
1.96955
2.00124
1.98347
2.00119
1.96399
1.95214
2.01909
2.0005
1.97794
2.04473
1.96868
2.00984
1.97147
2.06873
2.01011
1.94524
1.99784
1.97525
1.96911
1.95995
1.9842
1.95568
2.07175
2.07315
1.98003
1.97087
2.03129
2.03095
1.99918
2.00952
2.01841
1.96995
1.98735
1.98195
1.95246
1.97179
2.00785
2.02117
1.98467
2.00565
1.95908
1.99244
2.00161
1.984
2.03278
2.02048
2.028
1.98821
1.98962
2.00304
2.06075
2.01342
2.00639
1.98688
1.9931
1.99251
2.0189
1.98585
2.00026
1.97963
2.02001
1.94941
1.98962
1.95862
1.95735
1.96375
2.01161
1.99219
1.91495
2.01871
1.99706
1.97846
2.02619
2.01763
2.03156
1.99008
2.02571
2.07786
2.01972
1.99516
1.99756
1.94722
2.01048
2.01227
2.01595
2.07351
2.01328
1.98695
1.98088
1.99946
2.0146
2.02036
2.04971
1.99028
2.01913
1.96807
1.97896
1.9925
2.06498
2.01445
2.02245
2.0535
1.97265
2.07512
1.98054
2.01565
2.01245
1.97496
2.03049
2.00185
1.94404
2.05224
1.99725
2.01383
2.01144
1.98617
2.05419
2.03587
2.01968
2.01556
1.99528
2.02301
2.01909
2.01763
2.03781
1.9845
1.9934
1.92756
1.96528
1.97351
1.96433
1.9398
1.96377
2.01653
1.99739
1.99599
1.99868
1.97052
1.95484
1.99628
1.9593
2.0299
1.99793
2.00415
2.01625
1.98516
2.0227
2.00514
2.02934
1.98399
1.98672
1.9653
1.9995
1.99615
2.01766
2.02948
2.00289
2.01597
1.98436
2.06804
2.04791
2.02938
2.02523
2.01066
1.97994
1.99306
1.97498
1.98325
2.02917
1.98811
2.0205
2.02988
1.98931
2.00908
2.02014
2.03084
1.99341
1.95641
2.00355
1.9671
2.05585
1.97528
2.06862
2.02666
1.95168
1.96672
1.94324
1.99806
1.99112
1.98515
1.98961
1.94894
1.98436
2.01981
1.97905
1.96205
2.01739
1.99973
1.97206
1.99416
2.06512
2.03812
1.98726
1.96063
2.00647
2.02038
2.02058
2.03703
1.99807
1.9764
2.00176
1.99047
2.04567
1.97853
1.96956
1.98918
2.0058
2.0463
2.05751
1.99457
2.03523
2.04782
1.97032
1.9876
2.02342
2.03964
2.02602
2.02723
2.01472
2.01956
2.04689
2.00552
2.0219
2.02632
1.9872
1.97766
1.96881
1.96668
1.98989
2.01307
1.98351
2.00867
1.96834
1.96473
1.99861
2.00337
1.98986
2.02073
2.04428
1.95006
2.03431
1.9754
1.95767
2.01718
1.99068
2.01997
1.97329
1.95381
1.98046
1.96848
2.01857
1.97026
2.03621
1.99865
1.99287
1.97318
2.01992
1.97197
2.02123
2.01984
2.0234
1.97173
2.02726
1.9961
1.9753
2.01828
1.99882
2.01587
2.04039
2.00267
2.05465
2.03547
1.97993
1.97777
2.00484
2.01365
1.93981
1.96337
2.00692
1.98981
1.99114
1.95565
2.02924
2.03329
2.00381
1.98042
1.99832
1.9799
1.97127
1.99371
2.05369
2.01201
2.00364
2.06776
1.97364
1.99799
2.00645
1.98134
1.98333
1.9459
2.01003
2.00172
1.97557
2.00524
2.02786
1.95419
1.95919
2.02313
1.95564
1.99875
2.01244
2.02281
1.9981
2.00758
1.98934
2.02313
2.02454
2.00085
2.01733
1.97208
2.00067
2.03813
1.99211
1.951
1.99714
2.0088
1.94222
2.04817
1.93952
1.94626
1.98532
1.99197
2.01666
1.98743
2.02302
2.0412
1.9931
1.96219
1.97684
1.98919
1.92023
1.98294
2.03898
2.01413
2.08369
2.00389
2.00681
2.05433
2.02277
2.03622
1.99706
2.05429
1.99965
1.97549
2.03037
2.01571
2.01114
1.97593
1.96531
1.98569
2.02267
1.9929
2.02243
2.02452
2.0336
2.04549
2.01618
1.97848
1.97524
1.98883
2.01677
1.97165
2.02746
1.95011
2.03759
2.00533
1.99768
1.97945
2.03105
2.0108
1.98366
2.01166
1.97609
1.94704
1.96243
1.98107
1.98004
1.98364
2.05075
2.02894
1.96654
2.00097
2.07016
2.01281
1.99112
1.95409
1.97919
2.04009
1.99224
1.98737
2.03051
1.99874
1.96575
2.00052
2.06317
2.00472
2.0242
1.97588
1.99891
1.945
1.99664
1.96614
2.01711
2.00404
2.03773
1.99646
2.0338
2.03037
1.99373
1.9767
2.01032
1.9883
1.98122
2.03076
2.00825
2.04165
1.95093
1.99971
1.9916
1.9536
2.02049
1.95423
2.03661
2.01151
2.05895
2.01309
2.02333
2.00793
2.00808
2.0387
2.028
1.91648
2.00629
2.04627
2.04536
1.98834
2.02462
1.9181
2.02026
1.9867
1.98308
2.01171
1.93184
1.98987
2.03555
1.97143
2.00319
2.02321
1.97156
2.01759
1.98285
2.03369
2.03223
2.02183
1.96965
2.02026
1.96043
2.02215
2.00486
1.95345
1.95798
1.98499
1.9912
1.99065
1.97562
2.02253
2.00763
1.97074
2.02666
1.94687
1.99292
2.06243
2.01063
2.00212
2.05607
1.99245
1.95166
2.04991
2.06267
1.99321
1.98586
1.99247
2.01925
1.95514
2.01211
2.01127
1.989
2.01716
1.99204
2.0428
1.97085
1.99024
1.98826
2.04289
1.96989
2.0361
1.99218
2.03002
2.03651
1.96824
1.999
1.95655
2.05017
2.10588
1.99006
1.96852
1.98812
2.00395
1.99838
2.00234
2.00679
1.99173
1.95637
2.01465
2.016
1.94354
2.05519
1.92581
2.0082
1.9894
2.02332
2.07063
2.01848
2.01686
2.01148
2.03559
2.04302
2.01935
1.95788
2.03099
1.95078
2.01567
2.02032
2.00784
2.00989
1.9592
1.99992
1.99677
2.03097
2.01912
2.01106
1.98375
1.98775
2.04517
2.00287
2.02347
1.99512
1.95531
1.99982
1.99827
1.983
2.05491
1.99761
2.01658
1.97025
1.97405
1.97607
2.02342
2.07856
1.97038
1.98393
2.04095
2.04833
2.02133
2.02389
1.99977
1.97177
2.00451
1.99727
2.0152
1.99884
1.98617
2.01798
2.00444
2.00999
1.98989
1.95428
2.00804
1.96119
1.9758
1.98821
2.03558
2.01546
1.98383
1.95559
1.99303
1.99204
2.01999
2.01743
2.00658
1.96237
1.9641
2.02916
2.03119
1.99743
1.9721
1.97566
2.03969
2.02708
1.99622
1.97523
2.0421
1.97008
1.97087
2.01187
2.02765
1.99513
2.02535
2.01524
1.97006
1.99747
1.95777
2.03948
1.96952
2.04361
2.0125
2.03168
1.9823
1.97737
1.98637
1.98139
2.02514
2.03377
1.96561
2.00367
2.00352
2.01115
2.00773
2.03979
2.01477
1.98807
1.96974
2.04302
1.98476
1.99611
2.02886
2.00197
1.97688
2.0095
2.04713
1.97387
1.95034
1.97729
2.01648
1.99616
1.9817
1.98141
2.01065
2.02515
1.99401
1.999
2.00646
1.97349
1.98136
1.98045
2.02035
2.03085
1.98073
2.032
2.00093
2.02929
2.01089
2.02776
1.93202
2.10309
2.09292
2.00548
2.01715
1.98951
2.04046
2.01761
1.97683
2.04265
1.99054
1.98254
2.03499
2.01105
1.94656
2.00124
1.98915
2.0223
1.94272
1.99752
1.96992
2.02886
1.95118
2.02032
1.96522
1.9826
2.00462
1.9767
2.0351
1.9934
2.00273
2.03745
2.03396
2.02189
1.91454
1.99325
2.00883
2.03698
2.00395
1.99318
1.98803
2.02162
1.96825
1.9949
1.99765
1.99248
2.0072
1.9738
1.99241
2.00064
1.99531
2.01778
1.99646
2.05177
1.97077
2.01013
1.96959
2.02445
2.00184
2.00224
2.01653
1.96605
2.01878
2.06064
2.05964
1.98339
1.98589
2.01164
1.95887
1.97831
1.96415
1.99928
1.97063
2.01758
2.01121
1.97726
1.96307
1.98452
1.98342
2.01164
1.99514
2.0291
2.00214
2.00059
2.01662
1.97932
1.98953
1.9606
2.05438
1.99879
1.99898
1.96608
1.99669
2.01389
1.99721
1.98121
1.96015
1.99486
2.03876
1.97956
1.97489
1.98737
2.02641
2.04795
2.01329
1.98816
2.01321
2.02866
2.02994
2.01464
1.97738
2.00841
2.06898
2.0082
2.02256
1.98987
1.98406
2.0105
2.05984
2.02042
1.98479
1.96403
1.96213
2.05063
1.99087
2.00853
2.02308
1.9587
1.99045
2.02974
1.98299
1.97904
2.03236
2.03619
1.96259
1.9878
1.95228
2.02243
2.04573
1.9934
1.97462
2.03157
2.05683
2.00315
2.02918
1.9491
2.0137
2.0289
1.99293
2.03357
1.98313
2.01512
2.02311
1.98645
2.06072
1.98085
2.02796
1.99191
1.97639
1.98922
2.00263
2.04544
1.96669
1.9768
1.9967
1.99913
1.99747
2.00999
2.03536
2.04525
2.01235
2.00513
1.98792
1.98009
2.02292
2.01058
1.93584
1.99003
1.97045
2.0251
2.04176
1.99132
1.99442
2.03071
1.9566
1.99763
2.04776
1.97241
2.02757
2.03352
2.00627
2.02206
2.01591
2.04325
1.9751
2.09247
1.96103
1.97733
2.05606
2.04239
2.00234
1.92955
2.01251
1.95981
2.03132
2.00752
1.95819
2.01411
1.94386
1.97278
2.01522
1.98348
2.01877
1.99941
2.00726
2.00857
1.99404
1.99458
1.99438
2.01998
1.94445
2.01689
1.99642
2.0177
1.98517
1.97262
1.98233
2.00115
1.99916
2.02101
1.98162
2.03626
1.93088
2.01185
1.99239
2.02633
1.93249
1.97542
2.0307
1.95313
1.99463
1.99904
1.99727
2.02777
2.00545
1.98786
2.00932
2.01857
2.01088
2.0187
1.97821
2.003
2.03125
1.98047
1.99242
2.01501
2.01044
1.9845
1.9999
1.98071
1.99999
1.96457
1.96432
1.98542
1.96406
1.99512
2.05702
1.97798
1.98949
2.02859
2.01041
2.0322
2.00733
1.99347
1.94499
1.97307
2.05351
2.0151
1.97804
2.02005
1.98212
1.99955
2.00455
1.99216
1.97364
1.93909
2.00596
2.01607
2.02028
2.00976
2.03704
1.97054
1.99224
1.95944
2.01122
2.03128
2.00348
1.91826
1.97799
2.05874
1.9925
1.99484
1.96782
2.00423
1.99298
2.0044
2.01033
1.98157
2.02798
1.99926
1.99035
2.0049
1.98288
1.98342
1.98425
1.96318
1.97791
2.00355
2.04397
2.02663
2.01637
1.99737
1.96965
2.04005
2.01348
2.01257
2.02318
1.97168
2.00761
2.02887
2.01376
2.04353
2.01408
1.9701
1.99665
2.00007
1.95616
2.0188
1.97385
1.99768
2.01103
1.97141
2.04069
2.00556
2.02767
1.96006
1.94164
2.01903
1.97476
1.94881
1.99125
1.97028
2.01728
1.97742
2.00801
2.01714
2.04992
1.95519
2.00895
2.02832
2.01216
1.96466
2.02462
2.04179
2.02935
1.99947
1.9962
1.9965
2.03134
1.98989
1.96529
2.02543
1.9318
1.97266
2.06202
2.04603
1.99938
2.00171
2.06003
2.01802
2.01488
1.99812
1.93219
1.9768
1.98516
1.97739
2.00778
2.02795
1.91355
1.97172
1.95436
1.98407
1.9992
1.98692
2.02234
1.99345
1.99887
1.93655
1.99082
2.0124
2.0072
1.9787
2.02007
1.99662
2.00906
1.94876
1.98444
2.02706
2.00004
1.97157
1.99663
2.00306
2.04495
1.96782
1.94275
1.97895
2.00449
2.01
2.02433
1.95555
1.96398
1.96048
2.00197
1.98106
2.01488
1.96289
1.9802
2.01751
1.96065
2.01853
2.03624
2.0763
1.99742
2.00552
1.99306
1.98732
2.05906
2.01632
1.98458
2.00249
2.08262
2.01254
2.0204
2.01222
2.01502
2.00339
1.98235
1.97774
2.03775
2.03881
1.98534
2.04437
1.99109
1.96554
2.01722
2.01249
1.96143
2.02385
1.98395
2.01665
2.02819
1.98637
1.98616
1.90796
2.00077
1.96311
1.9787
2.04008
2.01389
2.02684
1.9326
2.005
2.04762
1.97316
2.05333
2.00856
2.00212
2.04121
1.99315
1.96065
2.00677
2.04505
1.96698
2.01175
1.99448
1.98173
1.96529
2.02075
2.0171
1.94625
2.05874
1.99119
2.01069
1.98034
1.97352
1.99648
1.99732
2.02725
2.00955
2.03041
2.01199
2.01277
1.99247
1.96983
2.01405
2.03607
1.98968
1.97908
2.02455
1.96011
1.97524
2.01794
1.95845
2.01378
2.00135
2.01529
1.98981
2.02517
2.02505
1.96478
1.97435
1.98872
1.91547
2.02331
2.02316
2.0564
2.00095
1.98284
1.98409
2.00854
2.0232
2.01128
1.99069
2.00112
2.02519
2.03505
2.0141
2.01988
1.9924
2.07325
1.95411
2.03435
1.97916
2.03889
2.02251
1.96194
1.99864
2.02833
2.01333
1.95553
1.99192
1.99156
1.98889
2.08275
1.94523
2.01087
2.01378
2.04306
2.0378
2.0222
1.96935
1.97559
1.9604
2.09169
1.99158
2.00618
1.99683
1.97475
2.02041
2.03172
1.97718
2.00098
1.96203
2.021
1.96406
1.99612
2.00389
2.02395
1.99989
1.99913
1.99199
1.98116
2.03799
1.98245
2.09926
1.98513
2.02869
2.01392
1.96725
2.01676
2.02138
2.02339
2.03246
2.02935
2.00284
2.02393
2.05812
1.97212
2.01179
1.99785
1.95509
1.99853
1.97378
1.99141
2.01608
1.94088
1.94213
1.9974
1.97812
1.96357
2.02549
1.99703
2.0106
1.96035
2.00777
1.97973
2.01412
2.07457
2.00993
1.96443
2.03447
1.95249
1.98721
1.97575
1.98013
1.97659
1.96578
1.97055
1.9628
2.02369
2.03267
1.92312
1.98418
1.99649
2.01224
1.94916
1.96439
2.01019
1.98018
1.99104
2.03655
2.00881
1.92722
2.00625
1.93073
1.96972
1.96783
1.98805
1.99337
2.01211
1.99895
1.99935
2.05139
2.00787
2.03636
1.95168
1.97465
1.9845
1.96337
1.96589
2.02858
2.00589
2.00765
2.02221
1.96492
2
2.01565
1.98694
2.02754
1.93124
2.01253
2.04614
2.03077
2.02321
2.02949
1.95499
1.9963
2.0067
2.04907
1.93829
2.05112
1.99233
1.96956
2.03392
2.01241
2.00608
2.02445
2.00659
2.02741
2.02547
1.96156
1.99909
1.97911
2.00181
2.02478
2.0269
2.0429
1.95459
1.96773
2.05366
1.98844
2.00579
1.97791
1.9503
1.98654
1.96739
2.02443
2.03316
1.99662
2.00431
1.99631
2.02541
1.98499
2.02991
2.00236
2.01223
2.03278
2.00578
2.00376
1.96585
2.05822
2.01473
1.99528
1.97643
1.98237
1.98988
2.04417
2.0226
1.99876
1.98715
2.02691
1.99048
1.98235
1.98073
2.02572
1.98016
2.01232
2.00434
1.98719
1.99126
1.97763
2.03933
1.93599
1.9972
1.94689
2.01802
2.03564
1.9936
1.99893
2.02562
2.03578
2.01935
2.01963
1.97791
2.00747
2.01823
2.036
1.99501
1.98135
1.99659
2.01976
1.99616
2.00684
2.01293
1.99021
1.9784
2.02676
2.01144
2.0137
1.99547
2.0393
2.0186
2.00699
2.02953
1.98332
2.00944
1.96229
1.98764
1.99906
2.04229
2.00032
2.01336
2.00096
2.03464
2.04302
2.00171
1.96242
2.03314
2.01824
1.99616
1.98597
1.96672
1.99133
2.04436
2.02552
2.015
1.94974
1.99876
2.00444
2.01839
1.95291
1.95904
2.0086
2.01383
1.99087
1.95108
2.0264
2.02548
1.9886
2.01395
2.03318
1.97199
1.95439
1.99252
2.02447
2.0068
1.98209
1.90437
2.07321
1.97812
1.9969
1.98516
1.97052
1.92872
1.97502
2.03521
2.01447
2.04431
1.98141
1.95432
2.0222
2.00411
2.04196
2.00398
2.01448
1.97569
1.96823
2.0337
2.00405
1.99134
2.00159
1.98915
2.0649
2.00657
2.02976
1.9816
1.97318
2.00993
1.96369
2.02382
2.01743
1.99161
2.01573
2.01447
2.05322
1.99026
1.95777
2.03456
1.98343
2.00426
2.01608
2.04831
1.99211
1.97058
2.00417
1.97491
1.99734
2.06235
1.94393
2.0579
2.00843
2.02736
1.94915
2.03321
1.95733
2.0385
2.00613
2.01813
1.98465
1.97897
1.97231
2.04632
1.97931
1.98008
1.98223
1.98108
1.98868
1.97303
2.03487
2.00846
2.01148
1.98076
1.94952
1.98441
2.02126
1.99057
2.01092
2.00296
2.0245
2.00224
2.03939
2.00559
1.94766
1.98597
2.00589
1.98899
1.96515
1.94292
2.04465
1.98914
1.96684
1.96726
2.00184
2.00155
2.01098
1.98401
1.99349
2.01929
1.9942
2.0055
1.99106
2.00442
1.99384
1.96975
2.02461
1.91547
1.98087
1.99681
1.98129
2.02108
1.97376
2.01453
2.00334
1.96173
2.05635
2.04251
2.04642
1.97452
2.03353
1.96966
2.00416
1.9549
1.9968
2.01649
1.99729
1.99665
2.01691
2.01703
1.92914
2.00781
1.98457
2.01018
1.96115
2.05849
2.03772
1.98381
2.02781
1.98688
1.96688
1.99686
2.0186
1.99557
1.99048
2.01852
1.99436
2.03179
2.00263
2.00925
1.98712
2.01297
1.95546
1.98979
2.08517
1.99459
2.05623
2.05174
2.03307
2.05004
1.99321
1.97262
2.01395
2.01586
2.02176
1.9965
1.99841
2.008
1.99523
1.98707
2.03547
2.03636
1.96768
2.02943
1.96714
1.98512
1.98414
1.93674
2.00749
2.00475
1.97711
2.06154
2.00459
1.98518
1.98029
2.02864
1.99878
1.9731
1.97941
2.03398
1.98693
1.99253
2.02298
1.9576
1.99646
2.07298
2.03321
1.99283
2.00018
1.90873
2.03592
1.9933
1.98943
1.94243
2.02567
1.97443
2.0144
1.98323
1.97941
2.0081
2.02206
1.98377
1.97772
1.96271
2.01478
2.00636
2.0156
2.02805
1.9473
1.96673
1.987
1.99156
2.04325
2.00517
1.97802
1.99407
2.00482
2.05115
2.00658
1.98831
1.95612
1.98819
2.01345
2.00494
2.03117
2.00089
1.98129
2.02048
2.04585
1.99598
2.01683
2.05925
2.02648
2.06287
1.98903
1.96931
2.01524
2.02168
1.98494
2.00898
1.99021
1.96892
1.97999
2.05438
1.96599
2.0402
2.00857
1.99353
1.97547
1.99006
1.98365
1.97261
2.01127
1.98293
2.02324
1.93686
2.01909
2.0227
2.02898
2.03331
2.01647
1.9665
2.05495
1.98423
2.05769
1.97724
2.04707
1.98565
2.01239
1.99323
1.96068
1.97419
1.98292
1.95571
2.01263
2.02927
2.02964
1.9854
1.99689
1.97282
1.99537
1.99409
2.02416
2.02945
1.97932
2.00625
1.98964
2.01986
1.95528
1.99637
1.93602
2.01602
2.03531
2.02948
1.97452
1.95972
2.03034
2.03232
1.97853
1.98531
1.94429
1.98327
2.0344
2.00108
1.9949
1.97276
2.01122
1.99737
2.02486
1.96766
1.95955
1.99442
2.00764
2.02111
1.98483
2.02974
1.96256
2.01751
2.00358
2.06235
2.01946
1.96351
1.99408
2.02044
2.00075
2.03908
1.93962
2.04864
2.01336
1.96999
1.97442
2.0024
1.97971
1.99318
1.99056
1.95148
1.96805
1.98717
2.0176
2.01378
2.01557
1.98703
1.98983
2.04049
2.01527
1.99622
2.07513
2.0117
1.98643
2.03677
2.01071
1.9867
1.98235
1.97371
2.00084
1.99489
1.9777
2.00712
1.99004
1.98141
1.97755
1.93814
1.9649
2.00864
1.98665
1.99947
2.00013
2.00992
2.00928
2.01946
2.03364
2.06913
2.02796
1.99829
2.00832
2.03159
1.99183
1.99321
2.02688
1.98037
2.00696
2.03877
1.99886
1.98466
2.01814
2.00229
2.03191
2.01524
2.0016
1.98653
2.00047
1.99924
1.96918
1.98631
2.01416
2.0585
1.95181
1.99928
1.97863
2.0387
2.01639
2.02397
2.02035
2.02107
2.03869
1.97995
2.02612
1.97027
1.97765
1.97625
2.02833
1.96921
2.07661
1.99611
1.96307
2.04078
1.98928
2.03557
2.01567
1.9788
2.0441
2.02439
1.9895
2.00363
1.97553
2.0203
2.04364
1.9737
2.03306
2.02711
2.04955
2.02403
2.00736
1.96204
2.00819
2.00185
1.97218
2.02433
1.98602
2.06096
2.02679
2.00265
1.95952
1.99959
1.98646
1.96152
2.08513
2.02385
1.94546
2.02141
2.02168
2.00956
2.02266
1.97194
2.05024
1.99454
2.06781
1.99826
1.93914
2.00948
1.96763
1.96842
2.02511
1.9753
1.93868
1.97047
1.97553
1.98456
2.04347
2.00559
2.03178
1.9625
2.02788
1.95427
1.99434
1.97132
1.99049
2.02523
1.99735
2.01536
2.00839
1.94635
2.02914
2.01485
1.98731
1.99659
2.03158
2.03812
1.98177
1.94493
1.98289
2.01284
2.00724
1.95811
1.99117
1.99235
1.97245
2.01641
1.99762
2.00481
1.99405
2.01579
2.00921
2.03193
2.01813
2.00669
1.98716
1.99441
1.93436
1.97384
2.0546
2.0023
1.97629
2.02441
2.00421
1.97344
2.01136
2.01056
1.98796
2.01567
1.97588
1.97552
1.99892
2.02996
2.00753
1.99175
2.02369
1.94993
2.0228
1.95712
2.03667
1.9839
1.9832
1.99652
1.95531
1.99106
1.98767
2.04461
2.05059
2.01296
1.97341
2.01202
1.96924
1.96199
1.99132
1.96503
1.95865
1.97374
1.9851
1.9742
2.03304
1.98697
2.04652
1.96542
2.0039
1.99542
2.01754
2.02757
1.97849
1.93188
1.94766
2.01658
2.00566
1.9932
1.97776
1.96705
1.95945
2.02344
1.99249
2.01692
2.01733
1.94425
2.03682
1.95948
2.0002
2.00108
2.02749
2.00555
1.98933
1.98632
1.95479
1.97185
1.98756
1.98899
1.93889
1.98986
1.959
1.96607
2.05336
2.0234
1.99631
1.98071
2.04378
2.03428
1.97996
1.98942
1.96977
1.95624
2.01196
1.95304
1.99264
2.09961
1.97614
2.02358
2.05026
1.99121
1.98342
1.97511
2.03658
1.91983
1.96045
1.95739
2.01441
1.99357
2.00947
2.00759
1.97988
2.00625
2.00978
2.00393
1.99088
1.96838
2.0187
2.02975
1.96413
2.06127
1.97336
2.0018
2.01039
1.97183
1.93013
2.07886
1.96974
2.01718
2.00304
2.02069
2.00922
2.01071
1.98765
1.99972
1.96958
1.98113
1.97105
1.96893
2.00224
2.0334
1.98894
2.01996
1.97756
1.98532
1.92933
1.99353
1.99758
2.00738
2.02196
2.00336
1.94319
2.01958
2.04505
1.9993
1.98406
1.98892
1.96793
2.0208
1.98611
2.00085
1.93011
1.91975
2.0103
2.03548
1.99813
1.98357
1.95505
1.99211
2.02918
2.01942
2.00888
2.0444
1.973
1.9445
2.00342
1.9603
1.96584
1.97301
2.00899
2.01614
2.04906
2.07835
2.00259
1.98917
2.02554
2.02327
2.00856
1.95726
1.98886
1.95559
2.06511
1.98199
1.95453
1.98927
1.93584
1.95243
1.98682
1.9908
1.93318
1.96508
2.05857
2.00729
2.03673
1.927
2.03376
1.93371
1.97495
1.99517
1.9973
1.97426
2.01821
2.0103
2.00561
1.95956
1.97573
2.00398
1.9165
1.97665
1.99747
2.03655
1.98056
2.01579
2.05448
1.97748
1.94463
1.98334
1.9569
2.00492
1.98238
2.03556
1.99255
1.97785
1.98744
2.01992
1.99367
2.0649
2.02895
2.00584
2.00098
1.98005
1.9858
2.00532
2.03592
2.04407
2.02513
1.98856
2.0374
2.02245
2.05409
1.9982
2.0043
2.02038
2.00107
1.988
1.98231
2.0092
1.99897
2.02177
2.01222
1.95111
2.00431
2.00746
2.03277
2.03107
1.95836
2.01177
1.97886
2.01554
1.94073
2.00783
2.01507
2.0119
1.96577
2.00937
2.0461
2.00984
1.98009
2.0106
2.00235
2.00053
2.04124
2.03886
1.96166
1.9472
2.05292
2.07022
2.00193
1.95695
1.9781
2.01698
1.95615
2.01854
2.0635
2.01723
1.96332
1.97783
2.00381
2.00388
1.97523
2.01138
1.99439
2.01775
2.04044
1.99856
1.99807
2.02289
1.97431
1.94798
1.96576
2.02236
1.96619
1.99039
1.98674
2.00959
1.99774
1.96881
2.00987
1.99379
2.00241
1.98201
2.03722
2.00058
1.99938
2.06755
1.97162
2.03478
2.05452
1.96923
1.97068
2.00051
1.99791
1.9974
2.00182
1.97659
1.96538
1.9868
2.01164
1.95607
2.00218
2.02316
1.96281
1.98732
1.96568
2.02334
1.9728
2.00726
1.97878
2.01395
2.02999
2.0354
2.00164
1.96486
1.97582
2.01982
2.02423
2.00531
2.01957
1.96772
1.94132
1.97865
1.98179
1.9753
2.00867
2.04124
1.94834
2.0064
1.9346
2.02497
2.03364
1.97496
1.95546
1.96483
1.96031
1.98974
1.99218
1.98219
2.03819
2.0255
1.99655
1.97349
2.00276
2.02221
2.01324
1.97602
2.00327
2.01088
1.99776
1.99493
2.03736
1.98606
1.9544
2.04892
2.02801
2.01364
2.01906
1.99229
2.01083
2.02275
2.01408
2.00179
1.98298
1.93437
1.98317
2.02729
1.97862
2.00265
2.00575
2.01591
1.99767
2.02127
1.95924
1.97075
2.01714
2.01206
1.99444
1.99208
1.97676
2.02159
1.9906
2.03754
2.02636
2.01669
1.9991
1.9785
2.03722
1.98456
2.04396
2.03972
2.00081
1.98483
2.04973
1.97013
2.01835
1.99635
2.06154
1.98074
1.96714
2.01909
2.0623
1.98734
2.01399
2.02573
2.01734
2.01794
2.03128
2.01177
1.99333
2.01613
1.9919
1.99007
1.98464
1.98281
2.03363
2.06618
2.00023
1.99799
1.99961
2.0196
1.99221
1.98815
2.02507
1.98795
2.02628
1.98011
2.05339
2.02043
1.93823
2.00961
1.97637
1.97932
2.00585
2.02159
2.01196
2.01933
1.99371
1.98271
2.02364
2.00878
2.00304
1.99836
1.99027
1.96632
1.9801
1.99852
2.02742
2.08131
1.98989
1.97513
2.05017
1.951
2.01666
2.01336
2.00453
1.95567
2.02905
1.95372
2.00792
2.03664
2.02669
2.03035
2.03415
1.95727
2.01087
1.97453
1.99524
1.9401
2.02872
1.98837
2.00836
1.99725
1.99302
1.94865
2.04276
1.99719
1.99713
1.98793
1.9994
2.02939
1.97722
1.99526
1.97917
1.95852
2.03988
2.01267
2.04279
2.03424
1.97296
1.99717
2.02709
2.0154
1.99037
2.02633
1.95574
2.04215
2.00388
1.99405
1.98106
1.98427
1.94446
1.97375
2.00514
1.96399
2.00635
2.05591
1.95884
2.01819
1.98109
2.0337
1.99788
1.99754
1.96619
1.98502
1.95923
2.02588
1.96233
2.04811
1.97694
2.03493
1.96128
1.98296
2.02516
1.98441
2.03335
1.92255
1.9643
1.94718
1.95622
2.02778
1.98755
1.96587
1.9778
1.99732
2.03393
2.00887
2.04804
1.98097
1.96919
2.03827
1.97626
2.00354
2.04784
2.01683
2.01929
2.01618
1.97056
2.01786
1.98833
1.96593
1.97233
1.97828
2.00427
2.03468
1.96338
1.99908
1.98605
1.96677
2.00927
2.01438
1.97321
2.01161
2.0243
2.01038
2.0457
1.95577
1.96779
1.97775
2.02171
2.00052
2.03482
1.98812
2.01487
2.00348
2.00402
2.04286
1.90605
2.0274
1.98277
2.01043
1.98826
1.98734
2.09448
1.95524
1.97966
1.9613
2.0186
1.99245
2.03647
2.00683
1.97278
1.97224
1.93125
2.0251
1.97637
1.98709
2.04286
1.96639
2.02631
2.00362
1.92442
2.04118
1.97574
1.99607
2.03107
1.93573
2.01094
1.9538
1.95467
1.99872
1.99881
1.96539
2.02367
2.00497
1.97927
2.00967
2.06948
2.0626
1.93765
2.06934
2.03484
1.99243
2.07752
1.97377
1.97215
1.95924
2.01017
2.03568
2.02244
2.01952
1.96442
1.97947
2.03548
2.11793
1.92575
2.00459
1.96544
2.00176
1.97959
2.01813
2.01687
2.0281
2.01512
1.99883
1.97832
2.0003
1.95482
2.01648
2.00079
1.99648
1.98213
1.98478
2.02356
2.01424
2.02111
1.99192
1.96272
2.04091
2.05352
2.01566
2.01335
2.01858
2.05276
2.04903
1.9608
2.04177
1.99284
2.04864
2.04566
1.92134
2.00511
1.95983
1.98477
1.99433
2.04306
2.0564
2.04138
2.0425
1.98389
1.97133
2.03807
2.01864
2.05484
2.02206
2.02339
2.00733
1.9531
2.00557
2.01431
2.02471
1.97212
1.92172
2.01882
2.06331
1.92015
1.95717
1.99666
1.96173
2.02094
2.01613
1.97772
2.02168
2.01398
2.00794
1.9872
2.00996
2.00992
1.95614
1.96988
1.97059
2.03348
2.00738
2.00179
2.05448
1.99153
2.02036
1.90113
2.01683
2.0831
2.0067
2.00116
1.98926
1.99072
1.9894
2.03253
1.94368
1.99516
1.99037
2.03654
2.02358
2.02688
1.97647
1.95851
1.99282
1.98689
1.99262
1.96227
1.99264
1.97949
1.99803
2.03547
1.98155
2.02752
1.93097
2.00105
1.98728
1.99615
1.9879
2.05473
1.94034
2.01652
2.02302
2.02128
1.97859
1.99153
2.01395
1.9747
2.01247
1.9477
2.02805
2.00874
2.00451
1.99729
1.99904
1.95609
1.9907
2.01296
2.02066
2.03268
2.00623
1.95022
1.99469
1.97559
2.0325
2.00096
1.94717
1.98988
2.02799
2.00988
2.03562
1.95302
1.97914
2.00727
2.01038
2.00915
1.97797
2.03412
1.98474
1.97827
2.04176
1.97734
2.00519
2.05775
1.95919
1.97311
2.01995
1.99257
2.00529
1.99659
1.96849
2.00235
2.00792
2.02425
2.02426
2.0061
1.96504
2.05664
2.03622
1.94731
2.00882
1.97061
2.00731
2.02326
1.98163
1.98216
1.98682
1.95011
1.9821
2.005
1.93043
2.00811
1.95292
1.9828
2.04741
1.99574
2.00877
2.05191
2.003
1.96414
2.01949
1.98876
1.97859
2.01184
2.01174
1.99466
2.02256
1.98943
1.97197
1.97591
2.00587
1.99242
2.01444
1.94219
1.97016
1.9654
2.06468
1.97391
2.02932
2.0203
2.05313
2.03807
1.96231
2.01037
2.03136
1.93684
1.96332
1.97781
1.99599
2.00093
1.96464
2.02798
2.02732
1.96608
1.99583
1.99384
2.00434
1.99659
2.00051
1.97379
1.9237
1.96493
2.00437
1.96253
1.96527
2.02479
2.05067
1.98344
2.05471
1.99903
2.02569
2.00113
2.00003
1.93015
2.00306
2.02469
2.04405
1.98825
1.95269
1.98399
2.00486
2.0091
2.01532
2.02285
1.94986
1.98316
2.0019
1.9805
2.04335
2.01206
1.9874
2.02559
1.98843
1.9878
2.00543
1.97682
1.98275
1.97564
2.05518
2.03881
1.93196
2.10275
1.9963
1.989
1.99092
2.01144
1.98195
2.00469
1.99193
2.01152
1.97731
1.98936
2.03624
1.97265
2.01488
2.02629
1.99505
1.99413
1.98276
2.01277
1.99452
2.03401
1.99985
2.01996
1.9961
2.04707
1.97133
2.01083
1.97903
2.01778
1.97924
2.02508
2.02516
2.00407
1.98615
2.02742
1.95876
1.97683
1.97658
1.96596
1.94838
2.00718
1.97976
1.97642
2.027
2.01875
1.94419
1.99158
2.00331
2.03586
2.00168
2.06279
1.97214
2.00728
1.96097
2.05618
2.00107
2.0264
2.00577
2.02483
2.01849
1.95793
2.02774
2.01229
2.03968
1.98082
1.9965
1.96394
1.98313
1.96615
2.00334
1.97344
1.97056
2.04395
1.97188
2.04303
1.98198
1.99323
1.98174
1.99184
2.01896
1.95199
2.01628
2.01007
1.96905
1.95852
2.00011
1.96464
2.05836
1.98692
1.98433
1.99755
1.95986
2.00017
2.01942
1.92377
1.98723
2.01368
2.00263
2.01794
1.97445
2.03676
1.99716
2.0605
2.00299
2.0162
2.0292
2.01024
2.06572
2.00254
2.0253
2.00201
2.01368
2.00679
1.97676
1.96098
2.04082
1.98034
1.99764
1.97873
2.01948
1.96887
2.04005
1.98174
2.02992
2.01636
2.03395
1.9811
2.01338
2.03311
2.0367
2.07258
1.98472
2.02764
1.99228
1.9818
2.03627
2.01437
1.96768
2.02532
1.96793
2.03442
1.94458
1.9885
2.00691
2
2.04607
2.05702
2.07239
1.96534
2.02258
1.9696
2.04415
2.02686
2.019
1.9822
1.97643
1.99196
2.0585
1.966
1.97846
2.01732
1.99304
1.98882
2.06936
1.94657
2.01414
2.05848
1.98733
2.03046
1.96746
1.98857
1.99554
1.95943
1.99609
1.97968
2.00974
2.03152
1.99077
1.991
1.99871
1.99338
2.01627
1.9714
2.03267
1.95319
1.99772
2.02167
2.00898
2.05734
2.01689
2.01505
2.00069
1.95211
1.98065
2.03567
2.03187
1.96445
2.07923
2.03324
1.97505
2.00221
1.98541
1.97034
1.92325
1.97659
1.94445
2.00424
2.00105
2.04383
1.97069
2.01844
1.97845
2.01098
1.98831
1.96787
1.99433
2.0005
1.96411
1.97458
1.98292
2.01936
1.99926
1.99918
1.9913
2.00402
1.9843
1.99059
1.99546
1.96052
1.93592
1.98436
1.9882
2.0067
1.93238
2.01265
1.98839
2.03598
1.98628
1.99604
2.02365
1.96406
1.9698
2.03161
1.98437
2.03674
2.04499
1.98216
2.00344
2.01062
1.97703
1.99902
2.01397
1.99598
2.0672
1.98797
2.00243
1.98957
1.95598
1.98831
2.01911
2.05298
1.9807
2.03005
2.0394
1.98937
1.98824
1.95416
1.9863
1.99507
2.01707
1.97544
1.98668
1.97338
1.9996
1.93807
1.98157
1.99736
1.98323
2.06912
1.94185
2.00061
2.00414
2.02479
2.02039
2.02111
2.00273
2.05616
1.99081
1.96034
2.02793
1.99363
1.98831
2.00381
2.01544
2.05544
1.96517
2.00864
2.0186
1.97752
1.9866
2.03437
2.01746
2.01749
2.00597
2.06188
1.98815
1.96477
1.98809
1.9786
2.01084
1.99493
2.01134
1.94225
2.05434
2.02267
1.99772
2.03037
2.00344
2.00089
2.00755
2.00867
2.02365
2.04751
1.98264
2.01521
1.98738
2.01606
2.00757
2.04071
2.02565
2.04343
1.98208
1.97745
1.96635
2.03228
1.94343
1.97804
1.99847
1.9997
1.97073
1.97612
2.0042
2.00383
2.00413
2.01097
1.97671
1.94103
1.97794
1.99762
2.02862
1.97994
2.07152
2.02093
2.01159
1.99352
2.01486
2.01337
1.97305
1.98512
2.04508
1.99262
2.00875
1.96432
1.9927
1.98044
2.00368
1.93786
2.02429
2.01569
1.98811
2.00634
1.99058
2.00268
2.01074
1.99393
2.04834
2.04502
1.98777
2.01895
1.95723
1.94476
1.95404
2.02384
2.00377
2.02304
1.96144
1.97722
1.97888
2.00708
2.01078
2.00172
2.0388
2.02221
2.05025
2.02548
2.00338
1.96369
1.99084
2.0425
2.00655
1.96157
1.98937
1.94211
2.03145
1.96847
1.98389
1.98447
2.06062
1.97048
2.02987
1.96653
1.97616
1.99981
1.98259
2.04941
2.01993
2.0073
1.9506
1.98035
2.03726
1.98825
2.01745
2.02446
2.02442
1.95561
1.96324
2.00412
1.98447
1.98156
1.98177
2.00287
2.00459
1.96624
1.97642
1.92374
1.97242
1.98261
1.95641
1.99766
2.01101
2.00108
1.97792
2.02704
1.97241
2.00952
2.02598
1.97907
2.01582
2.00196
1.97749
1.9628
1.98768
1.95291
1.95674
2.01957
1.96482
1.9875
1.96229
2.0219
2.01174
2.03633
2.00169
1.992
2.01447
1.99743
2.03323
2.03857
1.96234
2.03526
1.975
2.02959
2.00229
2.00832
1.99161
1.97725
2.00928
1.97425
1.99121
1.9688
2.01758
2.0008
1.99498
1.99132
1.99609
1.97137
1.99795
2.03818
1.98751
1.93766
1.98095
1.99919
1.99751
1.98476
2.02492
2.03295
1.99441
2.01869
1.94185
1.99024
1.9837
1.96574
1.94234
2.0239
1.97484
1.95378
2.0074
1.98529
1.96679
1.97941
2.01834
1.98479
1.96775
2.00385
2.01385
2.03068
2.01522
2.02807
1.99633
2.01224
2.03225
2.00244
1.98997
2.02865
2.03549
1.96839
1.97994
2.06101
1.9367
1.96915
2.00887
2.00735
1.99496
1.96666
2.02429
1.99803
2.0063
1.94791
1.99232
2.05436
2.02973
1.9733
1.99217
1.93536
1.9439
2.04311
2.04245
2.04246
2.00891
2.03113
1.97579
1.96264
2.04768
1.95247
1.97258
1.96659
1.96313
1.97037
2.04621
1.99247
2.00154
2.02407
1.95466
1.99862
1.97726
1.97849
2.03046
1.98368
2.05695
2.01559
2.02239
1.9739
2.02724
2.0155
2.01212
2.03624
1.9991
1.94633
2.02187
1.99535
1.95464
1.96173
2.01544
2.00158
1.96034
1.99774
1.9993
1.97086
2.04267
2.00576
2.02658
1.9625
1.96159
2.0194
2.03075
2.02795
1.92266
2.00522
2.00686
2.02539
2.00265
2.02044
1.92507
1.94318
2.02448
1.95252
1.97633
1.99226
1.98462
2.00222
1.98928
2.02614
2.0085
1.98364
1.96841
1.9802
1.96996
1.93603
1.95127
1.9867
1.97668
2.04358
1.96328
1.99515
2.01388
2.02293
1.97086
1.99246
2.03858
2.00471
1.99143
2.04822
1.99872
1.98931
1.9335
2.01468
2.01122
2.00312
2.00344
1.97366
1.99481
2.01809
2.02127
2.02234
2.01141
2.0365
2.04899
2.02179
2.00979
1.95374
1.9741
2.01765
1.99415
2.00796
2.04668
2.00329
1.98984
1.98963
2.06691
2.00924
1.95255
1.94612
1.9968
1.97005
1.97719
1.98953
2.01672
2.02295
2.00333
2.00644
2.02436
1.97955
2.00628
2.03117
2.00428
1.95726
1.98002
2.00912
1.95542
1.94164
1.98828
1.98678
1.96441
1.95358
1.98803
2.0029
2.01716
1.98381
2.0086
2.04268
2.02563
2.03117
2.03724
2.02596
1.97788
1.97435
2.02982
2.02396
1.98661
2.03439
2.00009
1.96555
2.01714
1.97952
2.01474
1.99764
1.94419
2.00534
2.04535
1.98358
2.03052
1.96723
1.91796
1.96066
1.96869
2.00059
1.93836
2.07105
1.98868
2.00225
1.95458
2.01766
1.96449
2.00709
1.98605
1.99214
1.99963
1.95991
1.9885
2.03128
1.98676
2.00424
2.00806
2.01939
2.03657
2.00955
1.99572
2.07331
2.01638
1.97384
1.99754
1.99623
2.00853
1.95976
1.99078
1.9803
1.96711
1.9804
1.95443
2.01164
1.98658
2.02303
2.01514
2.03568
2.05204
2.05761
1.98467
2.05756
1.92934
1.9205
2.06239
1.97317
2.03914
2.01357
2.00785
2.02225
2.00584
1.9517
2.04133
2.03963
1.94072
1.97447
2.03379
1.9533
2.01172
1.97805
2.00832
2.02786
1.99255
1.99165
2.02849
1.96882
1.99948
2.0676
1.95692
1.99136
2.00365
2.00358
2.00379
2.03025
2.10183
1.98596
2.04528
1.99186
2.03306
2.05395
2.01002
1.95991
1.98867
2.02204
2.03147
1.93344
1.97868
2.02102
1.99722
2.03666
1.98435
1.99104
2.04131
2.00591
2.05571
1.97614
1.97843
2.03468
1.97426
2.02
1.98242
2.03863
1.98085
1.98115
2.01943
1.96906
2.02521
2.01906
2.03442
2.03058
1.98233
1.99709
1.99617
1.99089
2.06516
1.97992
1.97311
2.05927
1.919
1.95814
1.99235
1.98676
1.97436
1.99589
1.99301
1.97801
2.02455
1.99615
1.95965
1.94627
2.0214
2.02942
1.98967
2.00091
1.96539
2.02186
1.99529
1.99452
2.01345
2.0269
2.02558
2.00948
2.01143
2.00374
2.02011
2.01529
2.017
1.96944
1.96599
2.04718
1.9975
2.05392
2.01471
2.01969
2.02497
2.01768
2.0247
2.06603
2.02553
2.02382
2.04255
2.06448
1.98653
1.99697
2.02967
2.01348
2.00628
1.98213
2.0048
2.00058
1.98015
2.01801
2.00757
1.98544
2.03441
1.98407
1.94969
2.07242
2.0022
2.01174
1.97333
1.98609
1.9955
2.02746
1.98395
2.02361
1.9774
2.03829
1.98412
1.97523
2.0372
1.97177
2.01683
1.96266
1.97014
1.94684
1.94542
1.98873
1.9929
2.0229
1.99452
2.04109
1.97765
1.99598
1.95636
2.01239
2.02095
2.02791
2.01257
1.95583
2.03878
1.98526
2.01681
2.00559
1.9906
2.00366
2.04426
2.02517
2.00551
1.98647
2.00031
2.03569
2.04798
1.98557
2.00955
1.99081
1.95349
2.04524
1.99675
2.00445
2.03419
1.99053
2.0571
2.02288
1.93324
1.98357
2.0555
1.97505
1.98457
2.03601
2.00723
2.0159
1.97846
1.98132
1.99037
1.99156
2.0007
2.0264
2.01782
1.95834
2.00762
2.03755
1.99246
1.97916
2.03817
1.97979
2.03976
1.94728
2.02422
1.94302
1.994
1.98335
2.03184
2.01221
1.96646
2.01757
1.96265
2.08475
2.00831
2.03911
2.00448
2.03151
2.00089
1.94388
2.02185
1.92427
1.93331
1.98049
2.01117
1.97835
2.02996
2.03725
2.01942
2.02693
1.96927
2.02882
1.98575
1.98182
2.04905
2.03288
1.991
1.969
1.97356
1.98255
2.09668
1.96749
1.94199
1.9675
1.98031
2.00284
1.96341
2.02528
1.94504
1.9628
1.99426
1.9689
1.98671
1.96538
1.99931
2.0214
2.03063
2.01446
1.91662
1.98223
2.0065
1.99717
1.97302
2.01906
2.01884
2.02061
1.92265
2.01345
1.91158
2.00715
2.01866
1.92745
2.04513
2.0509
1.9387
2.00998
2.04613
1.98519
1.96921
2.0127
1.98059
2.01611
2.00195
1.98116
2.03089
2.01084
2.00902
1.97024
2.00986
1.98874
2.00667
2.03096
1.99582
2.02869
2.01075
2.0163
2.01703
2.05417
1.97201
1.98859
1.98845
1.99029
2.01579
2.01418
1.99359
1.97425
2.00709
1.99704
1.9877
1.99034
2.05299
2.00537
1.978
1.97745
2.01374
2.02748
1.97642
2.01801
2.01886
1.98164
1.99625
1.99419
2.00902
2.04551
2.02267
1.99965
1.99322
2.02632
1.97836
1.99537
2.0671
2.00288
2.05103
2.0006
1.93733
2.03357
2.01559
2.01031
1.99484
2.01495
2.00166
1.93018
1.97942
2.01678
2.05579
2.02084
1.9915
1.99586
1.98816
1.98104
1.93971
2.00631
1.97439
2.00126
1.99732
2.01896
1.98962
2.03672
1.9613
1.96383
2.02758
1.9599
1.97344
1.98557
1.99326
2.00279
2.00065
2.01172
1.95766
2.01541
2.06828
2.02034
1.99421
2.03023
1.96462
1.97577
1.9695
2.00757
2.00327
2.04032
2.02689
2.01634
2.00206
2.01077
1.9939
2.01998
1.96811
1.98251
2.05763
1.99218
1.96734
1.9831
1.99911
2.02018
1.96853
2.03912
2.0494
2.02829
2.00581
1.90426
2.00109
1.9989
2.02391
2.04296
2.03616
1.97947
2.04047
2.03335
2.01429
2.00614
1.9935
2.02494
2.00269
1.99204
2.00967
1.98948
2.023
2.01028
1.99219
2.03423
2.02213
1.93918
1.99559
1.99566
1.9994
1.99129
1.98414
1.98713
2.03388
2.00635
2.02683
1.99714
1.99904
2.0309
1.99955
1.997
2.03234
2.03741
1.97808
2.00637
1.96374
2.00179
2.03984
2.0137
1.97928
1.98473
1.91491
2.04567
2.02847
2.03134
1.98841
2.02251
1.99657
2.00631
1.92119
2.04509
1.99354
1.94242
2.01715
1.971
1.98647
1.96081
1.99468
2.03237
2.05072
1.97079
1.92435
2.00635
2.00145
2.05394
2.01164
1.95483
1.97528
1.98479
2.07589
2.04346
1.98048
1.95364
2.03975
1.97561
2.02434
1.95397
2.0618
2.02779
1.99248
1.94264
1.96584
2.01577
1.9795
2.06347
1.95238
1.98063
1.98999
2.00181
2.01777
1.96448
2.02987
2.01954
1.99916
2.01794
1.94833
2.04051
2.01263
1.9865
2.01554
2.0259
2.00142
1.98553
2.00444
2.00797
1.97084
1.97366
1.99304
2.03468
1.97097
1.9829
2.04881
2.01428
2.00296
1.95511
2.0138
2.04987
2.05414
1.97608
1.99584
1.98088
2.03904
1.97136
1.99801
2.02453
1.98894
2.00032
1.99998
1.9905
2.02767
2.07964
1.98788
1.93145
1.95251
2.05551
1.98265
1.96159
1.96696
2.0037
1.95255
1.96978
2.05139
2.00219
1.99126
1.99351
2.01599
2.00855
1.97626
2.01232
1.96836
1.96185
2.01868
1.9961
2.01696
2.00372
2.00986
2.00283
1.97003
2.01559
1.98706
2.04446
2.04222
2.04935
2.01631
1.96847
2.01236
1.93044
2.05937
2.03883
1.92265
1.98474
1.96755
1.96805
1.99976
2.03635
2.0371
2.028
2.00636
2.01184
1.98684
1.94522
2.01251
2.02356
2.01642
2.00862
1.99632
2.02014
1.96166
2.01565
1.97992
1.96903
1.9975
2.03462
2.00118
2.01183
2.03721
2.05099
2.00111
1.99497
2.03031
2.01765
2.02151
2.04097
1.97843
2.00448
2.0101
2.06585
1.98717
1.99914
1.99362
2.05718
1.99894
1.98163
1.97399
1.97776
2.0317
1.94897
2.01584
1.97678
1.98436
2.0163
2.01612
2.02094
1.97439
2.02362
2.02446
2.00803
1.94109
1.89879
2.00817
1.98626
2.07181
1.982
2.00832
1.98219
2.01581
1.97192
2.00467
2.00713
2.01231
1.99664
2.04383
1.98745
1.95196
2.00407
1.99514
1.9793
1.98586
1.96084
1.97383
1.98738
2.0017
1.98242
2.04823
1.98272
2.03489
2.0064
1.91354
2.02575
1.96548
2.04769
1.99166
2.01346
1.9844
1.95122
1.97164
2.01327
2.00772
1.96381
1.96989
1.98854
2.02465
2.02181
1.95664
1.99704
1.99347
1.98859
2.03929
1.96735
1.97778
2.01386
1.98882
1.9714
2.03222
1.97956
1.98564
1.99431
1.99732
1.99893
2.00052
1.98875
2.06145
2.00266
1.9603
1.98949
1.96225
2.01089
2.01653
1.99126
1.95156
1.96447
1.99312
2.00624
1.95281
2.00664
1.98371
2.00559
1.99225
1.98784
1.96584
1.98176
1.98147
2.01839
1.98518
2.01463
2.04399
1.98066
2.00668
2.0302
2.00294
1.99182
1.95376
1.95966
2.04349
1.97
2.05188
1.98236
1.97253
2.02784
1.99771
1.97946
1.99975
1.93999
2.00154
1.97499
2.01365
2.03374
1.97606
1.99019
1.96385
2.02808
1.93801
2.07671
1.98331
1.97844
1.95874
2.03928
1.98232
1.94714
2.05584
1.95866
1.92206
1.97925
2.00322
2.01112
1.97484
1.98309
1.97033
1.99687
1.97726
2.0083
1.9935
2.04922
1.98052
2.04097
2.01533
2.01396
2.018
2.03248
2.08349
1.97141
1.93995
1.98194
1.99692
2.0582
1.99195
1.99459
1.96823
1.96011
2.00203
1.95042
1.94992
1.99577
1.98584
1.99322
1.98766
2.00973
1.98995
2.01006
2.00901
2.02148
1.99574
1.99704
2.01875
1.98397
2.00613
1.9831
1.97945
1.97245
2.03725
1.9972
2.00302
2.0346
1.96754
1.97739
2.00003
1.95771
1.96375
1.9652
1.98602
1.95512
1.97093
1.98117
2.01483
2.02115
1.96035
2.01588
2.01222
2.00571
2.02458
1.98589
1.99118
1.95621
1.93479
1.96931
1.96938
1.95164
1.99176
1.97817
1.97596
1.98165
2.00197
1.9632
1.94775
2.07573
2.04552
1.993
2.01856
1.94162
1.92489
2.00022
2.0012
2.04255
1.97999
1.95368
2.0129
2.00861
1.96276
1.99959
2.00538
2.03882
1.94648
2.02106
2.04522
1.99502
2.02509
1.93018
2.03616
1.97829
1.96492
2.02094
2.03669
2.064
1.99977
1.97403
2.03847
1.97274
2.0282
1.95089
2.01224
2.00071
2.02692
1.99151
1.99379
2.01808
1.98752
2.10088
1.99427
1.97703
2.04652
1.98437
1.98697
1.96797
1.95705
2.02483
2.00719
1.98214
1.95471
2.01723
1.97218
1.95052
2.02109
2.00216
1.99244
2.02309
2.01554
2.02641
1.96839
2.00621
1.98613
2.04554
1.98419
2.03907
2.00745
2.00706
2.02185
1.96867
1.99733
1.94292
2.02687
1.9759
2.06335
1.94274
2.00956
2.06429
2.01205
2.02215
1.8974
2.07067
1.96611
2.00399
1.96665
2.00361
2.02427
2.03059
1.96657
2.02414
2.014
1.98727
1.98541
1.99296
2.03024
2.01372
1.9941
1.96086
1.98088
1.97846
2.01778
2.0111
1.99678
1.97583
1.98649
1.98738
1.94734
2.01328
2.00727
2.02421
1.9602
2.0043
2.0384
2.02073
1.95514
2.02349
1.9592
1.98253
1.98029
2.0294
1.97129
1.9896
1.9848
1.98922
1.99182
1.98408
2.01346
2.01242
2.00569
1.94587
1.98586
2.01314
1.99505
2.04421
1.98397
1.99655
1.9891
1.9874
1.97193
1.99659
2.03209
1.96382
2.00808
1.97696
1.97303
2.0246
1.99712
2.00141
1.98653
2.04196
1.99825
2.00085
1.96697
2.03955
2.0389
2.01806
1.99341
1.98131
2.01047
2.03796
2.0209
1.97006
1.95596
2.01759
2.02599
2.01357
2.05452
1.99935
2.01189
2.01102
2.0303
1.98856
1.98804
1.9651
1.98394
1.97472
1.95953
2.00603
1.96816
2.02835
2.01322
2.01092
2.04058
1.96874
1.97231
1.97778
1.99714
2.01576
1.99822
2.02662
1.99144
1.96348
1.97169
2.03842
1.93721
1.96903
2.02561
2.01554
2.04558
2.04003
1.97525
2.01865
1.9763
2.03767
1.99683
1.98794
1.9936
2.06401
2.03071
1.95438
1.9932
2.029
2.02043
1.98315
1.97437
2.04209
1.948
1.97684
1.94739
1.98465
2.04023
2.06588
2.03725
1.99872
2.02585
2.06104
2.03318
1.99638
1.95092
1.99046
1.91549
2.01328
2.04952
1.97601
2.02571
1.99658
1.94502
2.00531
1.96982
2.02325
2.02095
1.98303
2.02817
2.03879
1.92096
1.97646
2.00212
2.00981
1.96046
1.99686
1.98319
2.00791
2.02254
1.998
2.03207
2.00127
2.02402
1.96637
2.03226
2.03017
1.96193
2.01287
1.99476
1.94745
2.05609
1.97233
1.98736
2.00721
1.96997
2.02212
2.0081
2.06581
2.0397
1.91056
1.98244
2.03432
1.99926
1.97869
1.9986
1.97701
2.05816
1.99724
1.94648
1.96754
1.97701
2.00275
1.9551
1.97477
2.03921
2.06206
2.00455
2.03081
1.99775
1.99056
1.99584
2.02326
2.02091
2.02407
1.99392
2.0362
2.00023
1.97428
1.99436
2.04304
1.93611
2.0411
1.99436
2.03712
1.99237
1.97781
2.0164
1.98713
1.92931
2.06771
1.98768
1.99107
2.02334
1.96778
2.023
2.01819
1.99564
2.04202
1.99949
2.04698
2.03161
1.95125
2.02139
2.00626
2.05914
1.98119
2.00739
2.04515
2.02602
1.99328
2.05181
2.00384
2.00155
1.94177
2.00462
1.9589
2.04532
2.05492
1.96804
2.00036
2.00894
1.99595
2.01415
1.96359
1.97248
2.07282
1.94834
2.03065
2.01346
1.99322
1.97277
2.0151
1.99165
1.95571
2.08137
2.02251
1.98967
1.9874
2.02418
1.91736
2.04325
2.00615
1.98676
2.02659
1.97679
2.01759
2.02967
2.03402
2.03516
1.98132
2.05004
1.93754
1.95575
1.97988
1.97415
2.02411
2.04174
1.99719
2.01934
2.00409
1.98643
1.97514
1.95147
1.9906
1.97638
1.97233
1.97693
1.93865
1.9623
1.98956
1.97469
1.99928
2.02818
1.94155
2.03946
1.95795
2.01422
1.97045
2.02026
2.01467
2.02599
2.05627
1.98997
1.96918
1.98029
2.06966
1.97591
1.97554
2.03915
2.01432
1.96559
1.95184
2.00057
1.9779
1.9659
1.99765
2.01168
2.03276
1.97773
2.03175
2.033
2.05305
2.00974
2.00072
2.01648
2.00211
1.99877
1.97101
2.02049
1.98425
1.96656
2.0006
2.02251
1.96289
2.00109
1.98291
1.97601
2.0305
1.95862
2.02191
2.01162
2.02388
1.97251
1.97813
1.97156
1.9761
2.00861
1.99355
1.97152
1.97878
2.03675
1.99254
1.97743
2.02588
1.9784
2.0145
2.00686
1.96041
1.97079
1.93698
2.00938
1.98933
2.03736
1.98347
1.99087
2.02135
2.00418
2.02485
2.03654
1.99973
1.94088
2.00498
1.98061
1.94536
2.00643
2.00296
2.03274
1.99338
1.98289
1.99854
1.99568
1.981
2.03691
1.97231
1.98867
2.00115
2.04308
1.95994
1.97261
2.02409
1.99919
1.99793
2.04692
2.00745
1.97723
1.97621
2.02368
1.94594
2.02442
2.01865
1.99198
2.01567
1.998
2.00431
1.95544
2.03467
1.97919
1.95032
2.02507
2.00402
1.97315
1.97553
1.94948
2.00395
2.03626
2.02348
2.02321
1.98964
1.94031
2.01277
2.06031
1.98344
1.98886
2.04697
1.95763
2.01596
2.01991
2.00584
1.94169
2.01845
1.95759
2.03262
1.98399
1.95458
1.98076
2.00376
2.05483
2.00244
2.00284
2.01293
2.00354
2.03103
1.99458
2.02522
1.98862
1.99632
1.99478
2.01452
1.9767
1.96748
2.01242
1.96895
2.01643
1.9463
1.99175
1.95946
2.0489
2.00373
2.04441
1.93615
1.99201
2.01688
1.9868
2.04533
1.98441
2.0125
2.02715
1.99882
1.98828
1.96499
2.01682
2.00594
1.93096
2.05137
2.0106
2.00443
2.04985
2.05041
2.01047
1.97909
2.02643
2.00895
1.99264
2.03606
1.95272
2.00803
1.99151
1.95258
2.03621
2.00116
1.97258
1.94836
2.05328
2.006
2.00173
2.01479
1.94878
2.04768
2.055
1.97238
2.0199
1.98045
1.9931
1.97531
2.05753
1.91538
2.0229
1.98452
1.97009
2.03671
2.04664
2.0825
1.99854
1.97991
2.01379
2.00426
2.01186
1.97371
1.98876
2.02326
1.95248
2.01699
1.97794
2.0258
2.03106
1.97437
2.0307
1.98716
2.02906
2.07191
1.96539
2.0038
1.98238
2.01296
2.02389
1.97614
1.98933
2.02545
1.99453
2.00809
2.02663
2.00025
2.03229
2.00386
2.04314
1.94998
1.97767
1.94955
2.01455
2.00362
2.00308
1.99159
2.00344
2.018
2.02859
1.96553
1.97117
1.99515
2.00885
2.03169
1.99645
2.07547
1.9794
1.98355
2.0081
1.98021
2.01145
1.98256
1.9889
1.97544
1.98832
2.0121
1.96852
2.01768
1.9732
1.99427
1.96098
2.00561
1.99517
1.99501
2.01285
2.0139
2.03614
1.96609
1.97627
1.91621
1.96457
1.9911
2.00109
1.96681
1.98959
1.99453
1.99741
1.99106
2.02294
2.01311
1.96997
1.98499
1.93756
2.01202
2.04006
1.98569
2.02708
2.03963
2.0308
1.99072
1.96251
1.98488
2.01013
2.04675
2.0022
2.00574
2.00172
1.98531
2.00438
2.00851
2.05724
2.01868
2.0706
1.99725
2.03013
2.00773
2.04392
1.96906
2.00464
1.97901
2.0077
1.96998
1.97687
2.03971
1.96791
2.06622
2.04423
2.02345
1.96375
1.9589
1.96252
2.02165
2.03184
2.04838
1.98007
2.03246
2.00968
1.99469
1.91867
2.00168
2.0122
2.02999
2.02556
2.00775
2.00685
1.97808
1.96735
2.00688
1.96103
1.94603
2.00493
1.97628
2.00647
2.03759
2.00923
1.98304
2.01403
1.95372
2.03919
2.03584
1.92878
1.92619
2.04137
2.04082
2.02604
1.99485
2.03809
2.00985
2.03278
2.02539
1.95234
1.97164
1.93391
2.0254
2.0673
2.02539
2.02674
2.00875
1.98664
2.03478
1.95472
1.93254
2.00991
1.9874
2.01978
1.99059
2.00056
1.98084
2.03771
1.98863
1.98804
2.00596
2.00718
1.97702
1.98122
1.98955
1.96259
2.00418
1.97327
1.95453
2.00747
1.98092
1.96494
2.03664
2.04213
2.01625
1.96091
1.9892
1.98284
2.03639
2.02578
2.0403
1.97885
2.04489
2.0101
2.00645
1.97374
2.03293
1.98018
1.94504
1.97971
1.96056
1.97722
1.98812
1.9789
1.9917
2.04521
2.04955
2.00215
1.94785
1.99866
2.00595
2.00664
2.00466
2.03069
2.00478
2.00528
2.06553
1.92403
2.00949
2.00595
1.99022
1.97395
2.00289
1.97798
2.01121
2.00867
2.02013
2.01
2.02967
1.99346
1.97007
2.02065
2.00352
2.03137
1.97292
2.01219
2.01988
2.01676
1.98602
2.00987
2.01985
1.97793
1.98358
2.02492
2.00961
2.01807
1.96586
1.97272
2.04617
1.98216
2.01279
1.98452
1.98987
1.97152
1.97509
1.93767
2.02361
2.03472
1.93524
2.03763
2.0047
2.05821
2.0187
1.96488
2.03253
1.95103
1.95724
1.98315
1.9608
1.99019
2.02355
2.00099
1.95491
1.98998
2.03235
2.00613
2.04341
2.04759
2.02299
1.99302
2.03133
2.02344
1.94516
2.02142
1.98339
2.0079
1.97445
2.00582
2.04892
2.03251
2.01438
1.962
2.03104
2.00022
2.04688
2.04127
2.02755
1.98716
1.93902
2.00766
2.00461
1.97581
1.99683
2.00561
1.99005
2.00692
2.00675
1.99296
2.002
1.96934
1.99443
2.05786
1.98739
2.00309
2.03867
2.00383
2.06466
2.00703
1.95635
2.04032
1.97878
1.96786
2.02695
1.9972
2.00892
1.96447
2.04901
2.05483
2.00952
1.98909
1.95765
1.95322
1.96381
2.01794
2.0221
1.98288
1.988
2.00749
2.01426
1.97271
2.03539
1.99107
1.98164
2.00763
1.98685
2.02633
2.03308
2.06004
2.0468
2.0248
1.99113
1.95657
2.01007
1.99607
1.96701
2.02361
1.98184
2.00903
2.00957
1.96244
2.01133
2.05519
1.98346
2.02539
1.98793
1.99912
2.03808
1.98578
2.03522
2.01142
2.03108
1.98499
1.93899
1.98641
1.99732
1.98905
2.05138
2.01859
2.00576
1.95934
1.97249
2.00732
2.0198
2.01673
1.97458
1.95257
2.00744
1.9805
1.96543
1.93973
1.98446
1.96311
1.99736
1.99469
1.97616
1.99367
2.02434
2.01263
1.95311
2.00118
1.99448
1.98128
1.99754
2.0195
1.99813
1.96818
1.96424
2.00727
2.01823
1.98631
1.97849
1.98181
1.96993
1.96199
2.03922
2.00379
1.98597
2.01925
1.98791
2.00115
1.99846
2.05364
2.02225
2.06735
2.08027
2.07919
1.99957
2.01281
1.9696
2.01364
1.95468
2.00682
1.9852
2.03968
2.00122
1.9952
1.98187
2.03497
2.00956
2.00784
2.00034
2.01705
2.00103
1.96719
1.97045
2.03488
2.04845
1.95677
2.00621
2.02401
2.02589
1.99822
2.05257
1.99027
1.92814
1.97799
2.01058
1.98217
1.98521
1.98726
1.95375
1.99085
1.89771
1.96545
2.04166
2.00062
2.07953
2.03226
1.97297
2.02185
1.95821
1.96743
2.00684
1.99421
2.01899
1.99875
1.98391
1.9806
2.00905
2.0093
2.00674
1.96652
1.97975
1.98015
2.0515
2.04086
2.01194
1.96987
1.94369
2.00914
1.9835
2.03999
1.9843
1.94811
1.99209
1.9864
2.02439
2.01944
2.02835
1.98075
1.97383
2.01825
1.97976
1.96115
2.01229
2.00424
2.03164
1.99213
2.00165
2.00933
2.05285
1.95822
1.97544
1.92899
2.00154
2.00301
1.98595
1.97943
1.98617
2.02367
2.01314
2.00575
1.95719
1.99857
2.02096
2.01179
2.04458
1.99226
2.06318
1.98913
2.02727
2.02557
1.9979
2.01216
1.88209
1.97358
1.99667
2.01547
1.99341
1.94259
2.00804
1.98432
2.01889
1.95152
2.00179
1.99589
1.9916
1.96274
1.9967
2.03171
1.95873
2.04549
1.98201
1.99082
1.94206
2.01397
2.01634
2.00879
1.96498
2.00554
2.02687
2.03767
1.93899
2.04814
1.98242
2.0534
1.9638
1.9835
2.02391
1.99418
1.95114
2.01825
1.98182
1.99023
2.04613
1.97418
2.00524
2.01157
2.01604
2.06989
1.98327
1.98776
1.98853
2.02647
1.99801
1.95761
2.0293
1.99848
2.02941
1.99721
1.96571
2.01619
1.96932
2.00588
2.06014
2.01507
1.97226
2.06283
2.06295
2.02915
2.00395
2.01441
2.00258
2.01937
2.01063
2.04186
1.98154
1.94986
1.96116
1.99488
2.01123
2.00777
2.03365
2.02795
2.00031
2.01816
2.00884
1.99457
1.96077
1.99432
1.94461
1.98835
2.00792
1.9895
2.02109
2.04449
1.96008
2.02481
1.98928
1.98053
2.00281
1.94572
2.06398
2.00231
2.01335
1.97156
2.06842
2.02021
1.95627
1.98262
1.9465
2.01067
1.941
2.02218
1.97754
1.97615
2.01626
2.06004
1.9946
2.00878
2
1.95611
2.01986
2.00716
1.93565
2.00908
2.02673
2.04783
2.02355
2.0034
1.99546
1.98126
1.99433
1.9784
1.95668
1.97048
2.01591
2.00081
1.95884
1.94121
2.00432
2.0414
2.00316
1.99889
2.00176
2.07244
2.02085
2.00966
1.99822
2.00222
1.98874
2.06034
1.94454
2.04533
1.99249
1.97696
2.00743
2.0063
2.00562
1.95021
1.97603
2.01802
1.98771
2.03484
1.98673
2.05053
1.99935
1.99858
1.97318
2.02194
2.01633
2.04748
1.97171
2.02663
2.01673
1.99184
2.00357
1.95685
1.98461
1.98631
1.97381
2.06113
1.98754
2.01893
1.99835
2.02811
2.0138
1.99678
2.02576
1.98372
1.96596
2.01707
2.03139
1.98483
2.04278
2.02529
2.02285
1.96489
1.9722
1.99262
1.96769
1.98718
1.96365
2.03935
1.97605
1.97712
2.03899
2.00201
1.99361
1.96297
2.03779
1.95825
1.92905
2.01094
2.04956
2.03552
2.00399
1.9524
2.02019
1.9366
1.96742
2.07469
1.99278
1.96127
2.06719
1.98298
1.96578
2.01497
1.97161
2.00683
1.96447
2.02395
2.00989
1.93754
1.9716
2.06574
2.02902
1.90653
2.011
2.00657
1.94092
2.02322
2.05541
2.01737
1.99401
2.01627
1.99358
2.06186
1.98038
2.04977
1.98501
1.96601
2.02872
1.99461
2.00992
2.02016
2.07145
1.97246
2.0002
2.01356
1.99147
1.97409
1.93131
2.02285
1.99188
1.98824
2.00346
2.01483
2.01965
1.97098
1.94612
2.006
1.96466
2.05796
2.04026
1.9205
1.97495
2.00472
1.96179
1.99471
1.99526
2.01135
2.01806
1.97142
2.01346
1.98436
1.96232
2.00084
2.01894
1.9535
2.00413
2.03535
2.04973
1.95474
1.98381
2.04069
1.95817
2.02867
1.99851
1.9737
1.96383
2.04032
2.03378
1.97537
2.02517
1.99139
2.03481
1.9843
2.04747
2.01724
1.98008
1.97889
2.03618
1.97747
2.05686
1.97476
1.98926
2.00669
1.96966
2.01329
2.01049
1.94917
2.031
2.00204
1.99711
1.95964
2.04781
1.96679
2.04041
2.05924
1.95983
1.96672
1.96619
2.01823
1.94126
2.01534
1.96609
2.04065
1.93694
2.04594
1.97581
1.97922
1.99842
1.99321
2.054
1.98038
1.9951
1.97146
2.01439
2.00324
1.98117
1.97147
2.00517
1.95043
1.99336
1.95507
2.00732
2.02011
1.97465
1.96586
1.99767
1.99358
1.99775
2.00775
2.00352
1.98794
1.94143
1.96606
2.00531
2.04476
1.99632
1.97279
2.06316
1.99885
1.97883
1.98673
1.98158
1.971
2.01097
1.99679
2.07347
1.99636
1.9751
1.99337
2.0139
2.03862
1.9447
1.95932
1.97288
2.01948
2.04365
1.95398
1.97807
1.96043
1.95979
2.03469
2.04886
2.02541
2.04759
2.00424
1.99331
2.04774
2.0486
2.00973
2.00479
2.00766
1.96116
1.94744
2.05774
2.02348
2.01586
2.00521
2.01516
2.00346
2.00139
1.98746
2.00375
2.01423
1.95837
2.03673
2.00186
2.06203
1.97935
1.97478
1.98156
2.01799
2.06674
2.0208
1.94152
2.01698
2.02728
2.05752
2.04353
1.99267
1.98697
2.00356
2.02761
2.00931
2.01441
1.96886
2.04308
2.01566
1.99228
1.94362
2.02455
2.01442
2.02291
2.03838
2.00018
2.00339
1.96001
1.97309
2.0344
2.02696
2.03464
2.03354
1.94023
2.05397
1.99673
1.98162
1.92266
2.00086
2.02886
2.01731
2.0198
1.97669
2.01383
2.00277
2.0473
1.98391
1.99817
2.03042
2.04071
2.005
1.98079
1.97258
1.98891
1.96916
1.97658
2.00923
2.01162
2.01258
1.98914
2.00548
1.95001
2.02398
2.0243
2.00354
2.03259
2.02802
1.98284
1.987
2.0803
1.97945
2.0587
1.95189
1.95415
2.01152
1.98022
1.99081
2.01173
1.97972
2.00225
1.98247
1.92402
1.98015
2.01107
2.04834
1.98024
1.94351
1.9926
2.00013
2.02061
1.96356
2.01217
1.96945
1.95991
1.9992
2.03011
1.95816
2.01368
1.95537
2.04946
2.00868
2.05481
1.99432
2.05001
2.03035
2.08409
1.99817
1.96683
1.96633
2.00321
1.98203
1.99494
2.01215
2.03188
1.93604
1.96837
2.01638
2.02897
1.99208
2.0028
1.96564
2.00356
2.06351
1.97346
1.96153
1.97558
1.9482
1.99068
1.95687
2.00383
2.00482
1.97854
1.97006
2.01191
2.04228
2.0305
2.0056
1.94694
2.07573
2.03315
2.00212
2.03159
1.96617
1.98319
1.9887
2.05688
2.04291
1.9919
2.01943
1.98149
2.0776
2.01519
1.97212
2.03363
2.05708
2.01033
2.0606
2.01737
1.97153
1.99392
2.04496
1.97379
1.99438
2.00668
2.00227
1.97928
1.99861
2.04408
2.02108
2.00581
2.03106
2.07326
2.04641
2.00962
2.02082
1.96613
2.00815
1.94566
2.03727
2.04455
2.00586
2.04344
1.98063
2.00376
2.01953
2.00436
2.04
2.02884
2.02355
2.00137
2.01576
1.97869
2.03105
1.97372
2.03709
1.94923
1.95364
2.02194
2.03655
2.04321
1.9997
2.05367
2.00793
1.96091
1.99663
2.02514
1.97484
2.00083
1.95747
1.94594
1.97956
2.01276
1.88852
1.9668
2.02484
1.95669
2.01386
2.02693
2.00882
1.95387
1.99813
1.89062
1.97423
1.98838
1.95861
1.98087
1.97714
1.96567
2.00847
2.01435
2.01462
1.99948
2.00292
2.01354
2.07025
2.02507
1.99113
1.96156
2.02592
1.97479
2.03811
1.95951
2.045
1.97984
2.0422
1.98367
1.98556
1.96261
1.94901
1.98545
1.985
1.99623
2.00324
2.0184
2.026
1.99169
2.04844
1.96223
1.98961
1.99422
2.02754
1.99282
2.01337
2.00587
2.0226
1.9933
1.99817
2.00449
1.99021
1.94024
1.96818
2.00699
2.00656
1.97674
2.01497
2.06185
1.94939
1.95648
2.00733
2.01238
2.01337
1.99636
2.01156
1.99445
1.98463
1.97109
1.97466
1.9919
2.02364
2.02589
2.04279
2.00114
1.98661
2.01851
2.02731
1.99426
1.96545
2.00777
1.99401
2.01695
1.97744
1.9903
1.99122
1.93988
2.04114
2.00615
2.00658
2.05337
2.01346
2.00743
1.98732
2.02145
1.9596
2.03208
2.01384
2.04598
1.99762
2.03271
1.95716
2.00016
2.00011
2.04127
2.03167
1.96539
2.02616
2.02406
1.96516
1.99678
2.00131
2.03962
1.98429
2.00782
1.97315
1.9907
2.02662
1.95889
2.02724
2.02067
1.98484
2.01077
2.02347
1.99879
1.97478
2.01315
2.02451
2.00114
1.96274
1.95292
2.04594
2.02757
2.00415
2.05146
1.9703
1.98076
1.96747
2.01378
2.01646
1.96398
1.99884
2.01559
1.97096
2.01438
1.97109
1.99181
1.99876
1.99086
2.00172
1.99973
1.971
2.0132
1.96213
1.98418
1.97383
2.02085
1.9817
2.01151
2.02008
1.96229
2.00351
2.02742
1.98467
2.0238
2.01277
1.98912
2.00604
1.97162
1.97148
1.99483
1.98341
1.99953
2.0067
1.99842
1.9837
1.97667
1.98454
1.99806
1.97867
2.00716
1.97812
1.96016
1.95258
1.97725
1.9957
1.95064
2.00807
1.95051
2.01497
1.97076
2.02452
2.04074
2.01295
1.97456
2.04037
1.98863
2.03071
1.92991
1.94575
1.9646
2.03566
1.98448
2.06435
2.05011
1.98704
1.9895
1.99341
2.01519
2.02557
2.0591
1.98277
2.01845
1.97124
2.02923
1.90264
1.98814
2.02038
1.96825
1.99787
2.02615
1.98011
1.97296
1.98782
2.00463
1.96285
2.01732
2.02449
2.01015
2.05977
1.98152
2.03083
2.01689
1.95361
2.05171
1.99414
1.97833
2.0054
1.99372
2.00992
2.02714
1.97915
2.07378
1.97406
2.00764
2.04053
1.99417
1.96757
1.93614
2.05629
2.02597
2.00396
1.96753
2.02277
1.90707
2.05009
2.02382
1.96206
2.01159
1.94561
2.02995
2.02131
1.93111
1.98646
2.01568
2.05667
1.99395
1.98061
1.9935
2.02651
2.00685
1.98893
2.07362
2.00509
2.01783
2.00202
1.93944
2.03195
2.01507
2.00846
1.97626
2.00861
1.96738
1.97826
2.02925
1.99178
1.99122
1.96716
1.92941
2.03292
1.99955
2.02927
1.97441
1.96195
2.04902
2.01501
2.0052
2.02021
2.02105
1.99117
1.9946
2.05426
1.99554
2.01791
1.94776
1.95034
1.97761
2.05802
1.94333
1.98365
1.98505
2.00736
1.98139
2.02476
2.04491
1.98754
1.98953
2.01682
1.98699
2.05581
2.05081
2.02216
2.03678
2.00903
1.97413
2.00391
2.00847
1.97513
2.01216
2.011
2.00539
2.02921
1.98793
1.98866
2.0141
2.0029
1.98527
2.0005
2.04545
2.06506
1.96639
1.96342
1.98016
2.03749
2.04389
2.02879
2.0209
1.99665
1.98423
1.98804
1.99636
1.98404
1.96566
1.92529
1.99127
2.02818
1.93176
2.0045
2.00998
2.06191
2.0013
2.02691
1.97781
2.02996
1.91177
1.9891
2.02244
2.0407
1.97029
1.98698
2.02948
1.97111
2.07981
2.00741
1.97669
2.02365
1.98191
2.0081
2.0371
1.99376
2.00766
1.98514
1.96099
1.94614
1.97151
1.99776
2.00944
1.93901
2.01525
1.92941
1.99493
2.02616
2.04744
2.00599
1.98788
2.00825
2.02067
1.98087
2.05124
2.01174
1.99766
2.02699
2.00498
2.04152
2.0072
1.94403
2.04315
1.99997
1.99924
2.00355
1.93649
2.05777
2.00019
2.01402
1.97393
1.98783
1.97901
1.99793
2.02777
1.99085
2.0112
2.00414
1.98535
2.03662
2.03636
2.04716
2.00301
1.99703
2.03498
1.97914
1.95446
1.94983
2.02607
1.96634
2.00506
2.01677
2.01134
2.00874
1.99867
2.00324
1.98252
2.01052
1.95503
1.99747
1.95349
2.00314
1.9514
2.04908
1.97428
1.99518
1.9594
2.02491
2.03966
2.06134
1.9577
2.02416
2.0046
2.0279
2.00296
2.03367
2.01982
1.99119
1.95758
1.97952
1.98072
1.94506
1.95138
2.00447
2.00749
1.96905
2.01571
1.99886
1.97374
2.01002
1.99377
1.96324
2.03229
1.97693
1.98116
1.98582
2.04451
1.95965
1.94961
2.03531
2.02814
2.01034
2.01262
2.02814
2.01069
2.0387
2.06012
2.00985
2.06405
2.04817
1.99153
1.9383
2.01938
2.0471
2.05688
1.98803
2.03103
1.97917
2.00891
2.04707
2.01914
1.9828
1.99849
1.94496
2.02814
2.00818
1.97591
2.02709
1.94866
2.01252
1.99008
1.99474
2.01254
2.04285
1.9985
2.00604
2.00211
2.01026
1.92598
2.04678
1.9943
1.98969
2.01463
1.9853
1.99044
1.99979
2.03659
1.9592
2.02203
1.99217
2.04368
1.99014
2.03425
1.98788
2.03504
2.00503
2.01436
1.99843
1.9821
2.04418
1.91468
1.99687
2.04753
1.97638
2.01076
1.96888
1.97154
2.03739
2.03022
1.97936
2.04486
1.98335
2.02182
1.99447
2.05677
2.02792
2.04864
1.99001
1.99832
1.9731
1.95798
1.98856
1.99218
1.94124
2.01837
1.99905
1.9885
1.9734
1.97299
2.07314
2.02218
2.02044
2.0262
1.99224
1.99543
1.9753
1.98259
2.01672
1.99941
2.01583
1.97601
2.04954
1.98344
1.97838
2.00574
2.0051
2.05192
1.98689
1.97335
1.94849
2.03836
2.02026
1.98005
1.97162
1.95238
2.0055
1.98977
1.98032
2.02933
1.99807
1.89437
1.94612
1.99483
2.01497
1.97983
2.00251
1.97496
2.00346
1.98695
1.94997
2.02243
2.03116
1.99585
2.0071
1.99793
2.03419
1.97172
1.94615
2.02339
2.00465
2.06257
1.96167
2.07777
1.92911
2.01196
2.02052
1.99935
1.97923
2.00804
1.96906
2.02787
1.99161
2.01256
2.01757
1.96126
1.94695
1.96772
2.00773
2.02582
2.01423
2.01887
2.04333
2.00778
1.97874
1.95245
1.9536
2.00359
1.95995
1.98357
2.01893
2.00442
2.00554
2.0037
1.97952
2.00413
2.04165
2.02267
2.03097
1.99455
2.01392
2.04603
2.00667
2.04962
1.96258
1.97312
1.98221
2.01879
1.91119
1.99291
2.00404
2.01532
1.99641
1.9638
1.96904
2.00517
2.00327
2.0077
1.99629
1.97784
1.99067
2.0214
2.00522
2.00776
2.0016
1.9609
2.04808
1.96587
1.99071
1.99956
1.99589
2.03177
1.95711
2.01684
2.02582
2.01087
2.0615
1.97613
2.06935
1.99929
1.98643
2.02265
1.99443
2.03054
2.01585
2.02364
1.99406
2.06814
2.00712
2.02009
1.95467
2.02555
2.05361
1.98948
2.01093
1.98074
2.02342
2.02595
1.97941
1.98327
2.03147
1.99747
1.983
1.98813
1.98939
2.01171
1.95651
1.96388
2.00662
2.01166
2.02345
1.98536
2.00267
2.01077
2.02055
1.97936
1.95652
2.01895
1.99848
2.03809
2.01218
2.01595
2.05665
1.97242
2.11522
1.98498
2.01684
1.95627
2.0212
1.96426
2.00818
2.01352
2.03975
1.99707
1.99985
2.00425
2.00778
1.99278
1.95512
2.00129
1.9991
2.02027
2.00111
1.99481
2.03289
2.01801
2.00296
2.04135
2.00116
2.02501
2.01246
1.98729
1.98138
2.03266
2.02347
1.97282
1.99165
2.01542
1.94604
2.03634
2.01624
2.01993
1.96935
1.9769
2.06728
1.99015
1.99275
1.97194
2.03545
2.0443
2.0003
1.96949
1.94738
2.00866
2.0196
1.99746
1.97668
1.96571
2.02676
1.99587
1.9557
2.00581
2.01639
1.95617
2.03758
2.01561
1.97189
2.00193
2.07832
2.0003
2.01905
1.95195
1.98285
1.98901
1.96392
1.96446
1.99418
1.99325
1.97971
1.99805
1.98575
1.98853
1.97507
1.9897
1.95329
1.98689
1.96619
1.97036
1.96098
2.00818
2.00131
1.98754
1.99351
1.99379
1.91816
1.99219
1.95119
2.05576
1.98569
2.05906
1.932
1.98297
1.95078
1.99089
2.0467
2.03114
1.96088
1.92506
2.0237
2.05653
2.02734
1.95471
2.04055
2.01635
1.98475
1.98437
2.01638
2.03353
2.00786
1.98893
2.03353
1.98542
2.02555
1.99592
1.97651
1.98702
2.00863
2.01714
1.97652
2.02457
2.00678
1.9868
2.00083
2.01036
2.0398
2.03238
1.94161
2.03516
1.99744
2.05731
2.01178
2.00195
2.00547
1.93077
1.93772
1.99592
2.04538
2.02461
2.01495
2.00734
1.95387
2.03537
2.00022
1.99727
2.03163
1.96817
1.94015
1.98346
1.96299
1.97527
1.99848
1.99983
1.99022
2.01805
2.00414
1.9903
1.98611
1.95444
1.98469
2.03
2.00953
1.9513
1.95083
1.98353
1.99652
1.97365
1.9885
1.95997
1.9938
1.99398
1.99862
2.00624
2.00627
1.97927
2.00734
1.99732
2.05437
2.06712
1.9972
1.97857
2.02169
2.00908
2.01168
2.04833
2.00577
2.00139
1.99525
1.98279
1.99358
1.9763
2.06178
2.05415
2.01424
2.01813
2.02718
2.03216
2.01277
2.01545
2.02332
2.0061
1.99985
2.05223
2.037
1.99217
1.96207
1.9424
2.03698
1.97436
1.9741
2.00723
2.01526
1.95328
1.98282
1.97812
2.02871
1.9647
1.94838
1.97731
1.94669
1.99777
2.00946
1.99505
1.98204
1.98847
2.02363
2.0041
1.97681
1.99667
2.02043
2.01106
1.97208
1.98253
1.9981
1.96581
2.01127
1.95179
2.01327
2.04625
2.01373
2.07602
1.99172
1.96177
1.96467
1.98114
1.99515
1.98601
1.98356
2.05307
2.02693
2.0266
2.00504
2.00066
1.99234
1.97566
1.95256
2.0046
1.9755
2.00461
2.03414
1.98492
1.99017
2.0228
1.98473
1.99426
2.02524
2.00152
1.99119
2.00716
2.02192
1.99751
1.98877
1.95826
2.01404
2.03383
1.99467
2.04362
2.03206
1.92411
2.01739
1.97173
1.99838
2.05683
2.01177
2.00747
2.00764
1.99338
2.01462
1.98179
1.91592
2.00084
2.00498
1.98885
2.02486
2.02968
1.9887
2.04353
1.9201
1.9606
1.98863
1.99709
1.95492
2.02127
1.95742
2.01782
2.04604
1.99845
2.02781
1.99464
2.04651
1.9851
2.02825
2.00242
2.03084
1.97632
2.06929
2.04974
2.03432
1.94823
2.0171
1.97025
2.01353
1.97791
1.9911
2.00842
1.96948
1.98443
1.98312
2.00229
2.02947
1.96724
2.05876
1.98526
1.97598
1.97787
2.02442
1.9964
2.00533
2.01152
1.97645
1.95295
2.00689
1.96914
2.03188
2.00179
2.01957
1.98116
1.99026
1.97868
2.01378
2.03011
1.95432
1.93301
2.05545
1.97849
1.97771
2.01764
2.01751
2.0276
1.96447
2.01776
2.06237
2.00801
1.96564
1.99546
1.95854
1.9819
2.05631
1.95378
1.99302
1.99354
2.00024
2.02228
1.95573
2.01203
2.02119
1.99771
2.01151
2.00026
2.00467
2.02851
1.97435
2.01022
1.97714
2.00301
2.01761
2.01222
2.00977
2.00458
1.98952
1.99751
1.98019
1.98137
1.95536
1.99689
1.97328
1.99724
2.0263
2.00741
2.00617
2.0123
2.03649
2.01056
2.0865
1.98533
1.99561
2.03882
1.99177
2.01224
1.94501
2.02907
2.02585
2.00377
2.02679
1.99043
2.01271
2.00508
1.98177
2.04044
2.00505
2.04449
2.03683
2.00573
2.04445
1.96796
1.97343
1.98604
1.98566
2.01957
1.98734
1.99151
1.98504
1.99927
1.99434
1.99287
2.00397
1.96804
2.00037
2.02193
1.95704
1.94961
2.0159
2.02952
2.1105
2.02316
1.99131
2.01707
1.98433
1.96869
1.98801
2.01396
2.02752
2.03886
1.9552
1.9753
1.96541
1.9499
1.95417
1.99405
1.9867
2.00685
2.02417
1.97509
2.00687
1.99669
2.01265
1.97618
1.99561
1.95984
1.99913
2.01644
2.01798
1.98639
2.01322
1.98636
2.00659
2.00062
1.95648
1.97445
1.95649
1.98737
2.008
1.94466
1.98438
2.04135
1.96604
1.98448
1.97227
1.99418
1.9948
2.02421
1.9966
2.03268
1.96954
2.04413
1.9726
2.00135
1.98442
2.02687
1.99622
2.00231
1.99677
2.01925
1.99629
1.98842
1.99185
1.98235
1.96142
1.99241
1.93724
1.98343
1.95381
1.9509
1.98079
2.00007
2.00943
2.02526
2.00987
2.00395
1.95867
2.00994
2.03586
1.97756
2.00888
2.01588
1.96883
2.01354
1.98672
2.034
1.96399
2.00924
2.0394
2.00146
1.9552
1.97926
2.03138
1.97768
1.99996
2.0127
1.99296
2.02454
2.01514
1.98945
1.98535
1.96215
1.97155
2.00254
2.03173
1.98854
1.98607
2.01884
1.97176
1.94146
1.99135
2.02837
2.02302
2.03439
1.95573
2.01559
2.00335
2.00211
1.97102
2.01015
1.94452
2.02518
1.95902
1.98429
2.05813
2.02435
2.01342
1.99267
1.94929
2.01648
1.98185
1.99032
2.04171
1.98033
2.01103
2.02052
1.96792
2.01018
2.02085
1.99029
1.99625
1.98255
1.95357
1.97729
2.0333
2.0038
2.0023
2.05591
2.01464
2.00699
2.01878
1.99311
1.91974
1.95463
1.99413
1.99106
1.9559
1.98883
2.05003
1.97469
1.95008
1.92042
1.98082
1.95513
1.99056
2.00489
1.95467
2.03667
1.96641
2.00533
2.02977
1.99337
1.98316
2.02618
2.01109
1.98543
1.99746
2.03719
2.00959
1.9952
1.97817
1.9663
1.99222
2.05199
1.96643
1.99561
1.96612
1.98797
2.02875
2.01259
2.02498
1.98163
1.98014
2.01352
1.98997
2.00797
2.02635
1.99193
1.96691
1.96567
2.01865
2.00046
1.96315
2.01619
2.07298
2.01654
1.99164
1.99869
1.92169
1.96982
1.97152
2.0225
1.92765
2.0031
2.03335
2.00846
2.0339
1.96506
2.0245
1.99387
2.03951
1.99871
2.00707
2.01329
2.0114
2.03711
1.99775
2.00197
1.94809
1.99392
1.99487
1.93653
1.96978
1.96345
2.03662
1.98587
1.99059
1.9376
2.03102
2.03843
1.97202
1.95104
2.00146
1.96846
1.97284
1.99267
1.99621
1.98544
1.94136
2.00704
2.0075
2.03466
2.01016
2.05791
1.91742
2.02611
1.97204
1.99796
2.05419
2.01583
2.03352
1.93836
1.94776
2.03577
1.9815
1.9972
2.00833
1.99503
1.99854
2.02293
1.95408
1.95333
2.03023
2.05077
1.95282
2.00055
1.97233
1.99433
2.01127
1.96618
2.04704
2.00178
2.03053
2.00557
2.0416
1.95124
1.93813
1.98342
1.95681
2.00791
1.98865
1.99699
1.94621
1.97977
1.96501
1.97734
2.04268
1.99855
1.99137
1.9713
1.92481
2.00253
1.99366
1.97412
2.00717
2.05978
1.97608
1.92907
1.96747
1.9787
2.05206
1.99159
1.94939
1.91145
1.97623
1.97137
1.98577
2.03092
2.03564
1.98685
1.95688
1.98068
2.0174
1.96971
2.00383
2.05611
2.01839
2.0446
2.00626
2.00977
2.00613
2.01739
2.00917
2.01392
2.03125
1.99056
1.98521
2.03666
2.02923
2.06531
2.02465
2.00604
2.01531
1.96125
1.92082
1.96749
1.94726
2.03236
1.98219
1.98648
1.98115
1.98668
2.01559
2.00032
2.00503
2.0172
2.04293
2.02207
1.99954
2.0101
2.03963
2.00945
1.96351
1.96397
1.99668
2.00396
1.97077
2.00765
2.01722
2.05404
1.9952
2.04193
1.99024
2.02474
2.00635
1.98001
1.96063
1.96037
1.99603
2.02884
1.98462
2.00145
1.97096
1.99681
1.9943
1.93165
1.97892
2.02265
2.00402
2.00929
1.98821
1.94769
2.00601
1.98143
2.02668
2.01436
2.02938
1.96412
2.03095
1.99192
2.03597
1.99711
2.01076
1.99351
1.97863
1.9877
1.96749
1.98046
2.02402
2.00709
1.95778
2.03577
1.96707
2.01037
2.02106
1.98953
2.02987
2.03313
2.00941
1.94565
2.03671
2.02075
2.01845
1.99088
2.00526
1.92691
2.03843
2.02609
1.98789
1.98898
2.04223
2.04743
1.945
1.98977
1.96971
2.00993
2.06291
2.01604
2.03564
2.03459
2.01591
1.99372
1.97068
1.99296
2.00498
1.97579
2.06497
2.00221
2.02517
1.97419
1.96218
1.99704
2.03941
1.9582
2.01597
1.9801
1.97679
2.01149
2.0062
1.9672
1.9971
1.9594
2.05755
1.95955
1.99931
2.01104
2.02708
2.00078
2.04979
2.00338
2.0256
2.05899
2.05111
2.02664
1.97811
1.93999
1.94663
1.98394
1.99938
1.93688
2.00181
1.99177
2.0325
1.95511
2.00455
1.99561
2.04071
2.017
2.03811
2.00563
1.97029
1.97408
2.0678
2.01672
2.00598
2.01933
2.00854
2.05026
2.04812
2.03877
2.01528
2.03774
1.99417
2.05354
2.02175
1.99387
1.99814
2.00112
2.01928
2.01029
1.97407
1.97093
2.03677
1.99824
2.00537
1.9737
1.96276
2.0169
1.96252
2.03792
1.96987
2.03672
2.01816
1.9425
1.98171
2.02294
2.01356
1.98301
2.02547
1.99854
1.99394
2.05847
2.00574
1.96467
1.89336
1.99431
1.99126
2.01734
1.98986
1.97716
1.95186
1.97917
2.00442
2.01778
2.02406
1.96094
2.04034
1.98497
2.00112
2.03859
1.97275
1.98007
1.99621
2.00227
1.98768
2.01961
1.97392
1.97485
2.01999
1.98952
2.02175
1.97613
1.97072
1.95691
2.03052
1.98478
1.97678
2.01396
2.01055
2.04915
2.01081
1.96721
2.00514
2.02909
1.92749
2.01055
1.97888
1.99537
2.00241
2.01592
1.98852
1.98339
1.99841
2.04469
1.97554
1.96149
2.01164
1.94105
2.00414
2.01239
2.0007
2.01807
1.99934
2.00752
1.97477
2.02784
2.02472
2.04044
1.97827
2.00873
2.05278
1.94651
1.99086
2.04899
2.0323
1.99564
1.97819
2.03811
1.97613
1.9815
2.03056
2.00789
2.03609
1.97418
2.02142
2.00965
2.05714
1.98941
1.94532
1.98724
1.98577
2.0199
1.98135
1.98673
1.99618
2.01543
1.9998
2.00168
1.98595
2.01829
2.01325
2.01633
1.96746
1.96969
2.06596
1.99809
2.01153
2.02837
2.00066
2.00003
2.00706
2.00266
1.99781
2.00276
1.99038
2.02126
1.94804
2.00696
2.05567
1.99031
1.98957
1.9829
1.9731
1.97419
1.99176
2.00771
2.06954
1.95032
2.01661
2.00176
1.97834
1.97413
2.04445
1.99132
1.96641
1.96851
2.0205
1.96633
2.0612
1.97047
1.94383
2.00828
2.06185
2.00724
1.98031
1.96972
2.00202
2.02483
1.97874
2.00633
1.99973
2.00772
1.93944
1.98235
1.94691
1.96992
1.94159
2.02638
2.03361
2.03184
2.04487
2.01513
2.02773
2.06533
2.02336
2.03807
2.05045
1.96045
1.98763
2.0165
1.971
1.96855
2.01709
1.98917
1.99521
2.00075
2.0047
2.0046
1.96261
1.94898
1.97245
1.95923
1.99054
1.91713
2.06327
2.00375
1.99032
1.99167
2.04536
2.00774
1.99965
2.01785
1.99633
2.02109
1.92815
2.02407
2.07477
2.01295
1.99283
2.00318
2.00101
1.95575
1.9807
2.01508
1.99847
2.00306
1.93298
2.01176
2.01758
1.9521
2.00969
1.99847
1.97828
2.04082
2.01021
2.02548
2.01609
2.02692
2.03351
1.97447
1.98603
2.06615
1.98295
2.03826
2.0025
2.04013
2.04399
1.96703
2.03063
1.95319
2.00137
2.0518
2.014
1.95758
2.0322
1.98946
1.9681
2.04552
1.99788
1.98998
2.00515
1.95412
1.98454
2.03364
1.98339
2.00952
1.96627
2.03285
2.00753
2.01742
1.94048
2.0061
2.04747
1.99475
2.03552
2.02139
1.97653
1.99032
1.98769
1.95039
1.93304
1.94113
1.96241
1.98278
2.00906
1.93183
2.01388
2.01528
1.97067
1.9854
1.98284
2.0089
2.01215
2.03808
1.94564
2.01392
2.0131
1.98758
2.03481
1.99811
1.94504
2.01193
1.98204
1.98692
1.98107
1.98676
1.99595
1.99943
2.01079
1.98177
2.00386
2.02086
2.01342
2.08085
2.04685
1.98973
2.02513
2.01369
2.00409
2.02144
2.04214
1.97035
2.04688
2.03187
1.9781
2.01703
1.99829
2.01121
2.03117
2.02107
1.99763
1.92764
1.99344
1.95519
1.97943
1.99638
1.96214
1.96426
1.98283
1.9987
1.99704
1.98982
1.93431
1.99009
1.94082
1.97137
2.03835
2.0143
1.97193
2.01854
2.02709
2.01994
1.95107
1.99629
1.98638
1.98664
1.96385
1.97685
1.97613
1.9797
1.95386
2.02557
2.00274
2.03047
1.98515
1.96613
2.01379
1.9477
1.9875
1.96406
2.01425
2.03702
1.97798
1.99182
1.99638
1.98208
1.9615
1.95725
2.02098
2.02328
2.00711
2.03329
1.98182
2.05473
1.98168
2.02968
1.97515
1.97046
1.94774
1.94106
2.05434
1.99771
2.0237
2.04254
1.99849
2.03853
1.96177
1.99035
2.02368
1.97371
1.94718
1.97599
2.0128
2.03266
2.0332
2.02129
2.0182
2.01963
2.01471
2.01523
2.00125
1.95719
2.00705
2.00109
1.95793
1.9974
2.07726
1.95788
1.99048
1.97803
1.94573
2.0498
2.02009
2.01761
1.99864
2.03524
1.98444
2.03952
1.96505
1.97754
1.96094
2.04916
2.0235
2.01418
1.97766
1.94238
1.95701
1.99398
2.02202
1.99698
2.01547
2.02371
1.97732
1.98076
1.97614
2.03386
1.98586
1.94582
1.96566
2.0086
2.00203
1.95884
1.97428
2.02049
1.99273
2.0225
1.97728
1.93859
1.99644
2.04175
1.97019
2.00406
1.98278
1.95797
2.0389
2.00691
1.98191
1.98345
2.01432
2.01341
2.00597
1.97366
2.02149
1.9959
2.0069
2.03076
2.00813
1.97308
1.94935
2.03346
2.00988
1.98112
1.98011
2.04794
2.00507
1.98368
2.03935
2.00612
2.01106
2.01025
1.96463
1.98473
2.04099
1.97736
1.97852
2.01745
1.96989
1.95628
1.99338
2.03976
2.00333
2.01409
2.00719
2.03768
1.99426
2.02556
1.97288
1.97911
2.03206
2.01156
1.95667
1.93231
1.98933
1.96982
2.02899
1.95821
2.02835
2.02767
2.01607
1.98666
1.94099
1.96657
2.01659
1.97307
1.9939
2.0008
1.95842
2.05881
2.0208
1.96874
2.01194
2.02281
2.00141
1.98783
1.95045
1.9727
1.98621
2.00806
1.99781
1.9417
2.00948
2.0411
1.99058
2.03432
1.98346
1.96066
1.9908
1.98401
2.01944
2.01367
2.05509
1.99328
2.01245
2.02303
1.95771
2.04835
1.97428
2.00905
1.98373
1.95898
1.9669
2.01658
1.9489
1.98482
2.00052
1.9724
1.97017
1.95168
1.95806
1.95165
2.01093
2.04019
1.98171
1.9955
2.03209
2.02607
2.00956
1.97149
2.01638
1.95208
2.0058
2.02519
2.01984
2.00821
1.94393
2.01553
1.97394
2.00877
2.00111
2.04221
2.01106
2.06675
1.98977
2.01339
2.0354
1.97517
2.01194
2.03469
1.94981
1.96775
1.97312
1.99667
2.07519
1.94377
2.02055
1.9013
2.04357
2.03089
1.94423
2.03758
1.99966
2.00076
2.01694
1.99305
2.00688
1.95685
1.99232
2.01494
1.98839
2.00027
2.0174
2.01036
2.00061
1.95501
2.02271
1.96287
1.96092
1.95909
2.01156
2.01229
2.03057
1.98974
2.02524
1.98968
1.98731
1.98835
1.96277
1.99947
2.00866
1.99223
2.04537
2.0596
1.97635
1.9779
2.04788
2.00595
1.99219
1.97395
2.01493
2.01267
1.97231
2.00417
2.01885
1.95937
2.01687
1.99828
1.98132
1.99348
1.95748
2.0008
2.02275
2.00269
1.98134
2.05265
1.9585
1.98894
2.01271
2.02707
2.04616
2.02603
2.00707
2.01481
2.01085
2.02274
2.00721
2.00704
2.01624
1.98123
1.967
2.03162
1.99073
1.99264
1.96616
2.01702
2.02414
1.9683
2.00906
1.99932
1.98166
1.98264
1.94248
1.95508
1.99316
2.00462
2.02041
2.05778
1.98867
2.00822
2.02523
1.99087
2.00618
2.0212
2.02226
2.07287
1.99467
2.02784
1.97723
1.97134
1.98427
2.01806
1.97702
1.97256
2.00081
1.97523
1.98865
2.00087
2.01366
2.00993
1.96372
2.02837
2.04357
1.99513
2.04681
2.04204
1.995
2.00304
1.97734
2.03424
1.96665
1.97605
1.94512
2.01143
2.01019
2.02359
1.98067
1.9685
2.03813
2.04813
2.04081
1.97546
1.97929
1.98007
1.97473
1.98027
1.96609
1.95815
1.98794
2.01422
1.99452
2.00783
2.01843
1.99589
1.98422
2.02058
2.00008
1.97553
2.00076
2.02127
1.974
1.95196
2.01337
1.97774
1.96772
2.00076
1.99573
1.96818
1.92306
2.05929
2.01325
1.98845
1.95951
2.03725
1.9521
2.02398
1.98065
2.01033
2.02494
1.97348
2.00639
2.02689
2.03854
1.98468
1.99694
2.0154
1.99959
2.0957
2.00608
1.99508
1.98654
2.04539
1.99171
2.00656
2.04006
2.02567
2.01273
1.93091
1.99205
1.96751
1.9663
2.02413
1.94532
1.99279
1.97025
2.04233
1.98219
2.01229
2.00251
1.99245
2.0032
2.00282
1.9783
2.07534
2.01159
2.03123
2.03704
1.99508
2.05613
2.02123
1.98093
2.04299
1.98375
2.00371
2.00309
2.00879
2.02545
2.00773
1.94701
1.94612
1.99382
1.98187
2.01951
1.96968
1.97358
2.01125
1.93038
2.06074
2.01468
2.05213
2.00976
2.05476
2.00147
1.96605
1.99477
1.9864
1.99544
2.03919
2.00898
1.99457
1.97711
2.03477
1.97672
2.01739
1.99024
2.06583
1.97801
2.00193
1.95791
2.05519
2.05213
2.0155
1.98183
1.99076
2.0375
1.991
1.98097
1.97475
2.00389
1.96525
1.98539
2.01888
1.98103
1.96393
1.99667
1.99176
1.98172
1.98564
2.00039
1.95786
1.99154
1.94611
2.02402
1.98122
2.0774
1.9813
1.97298
1.98271
2.00953
1.99178
2.02741
1.97925
2.0347
2.03186
1.99885
1.97261
2.00596
1.97157
1.9724
1.95315
2.04192
2.04563
1.99913
1.99503
1.99052
2.04726
1.99548
2.01042
2.0047
1.99366
1.93815
1.98924
2.0179
2.01708
1.98826
1.99437
2.03927
1.98165
1.94971
2.02586
1.97502
2.00043
1.99046
2.05148
2.04571
2.01812
2.0633
2.02021
1.97366
1.99693
2.00627
1.98841
2.01088
2.00251
1.97544
1.96925
1.96873
2.01608
2.00132
2.00777
2.04969
2.0222
2.02738
1.97093
2.0454
1.97708
1.98202
2.06194
1.95179
2.00892
2.0231
1.98279
1.99459
2.01044
1.9615
1.98861
2.0297
2.02367
1.98911
1.98728
1.99118
2.02214
2.03876
2.00918
1.99697
2.03695
2.05006
1.98814
1.96706
1.99413
1.9911
2.05076
1.97348
1.96739
1.99099
1.98779
1.94682
2.04096
1.95995
2.02896
2.01419
1.98606
1.95989
2.00495
2.0263
2.04587
1.98348
2.03067
2.00374
1.90581
1.96496
2.01639
2.0126
2.00242
1.9988
2.00406
1.98952
2.01665
2.02886
1.99092
2.01958
2.02933
2.0038
1.98154
2.03533
2.07337
1.95935
2.0512
1.98953
2.01256
2.00535
2.00578
2.05568
2.0058
2.0236
2.02002
1.95914
1.97541
2.00042
2.02152
2.0617
2.00144
1.98417
2.021
1.98904
2.02305
2.04413
1.99034
2.01708
2.04384
2.01175
2.04105
2.0339
2.02646
1.96995
2.02513
2.01855
1.99484
2.00781
1.9728
2.02015
2.03919
2.01272
2.03263
2.00631
1.94545
1.99638
2.04037
2.00104
1.99178
2.01354
1.98663
2.03639
1.99801
1.99068
1.99124
2.00578
1.99085
2.01447
2.03388
2.0592
1.93239
1.99711
1.98603
2.00439
1.97169
2.032
1.96989
1.95582
2.03523
1.97823
1.99074
2.03911
1.94523
2.01272
1.99766
2.03139
2.03979
2.01045
2.01462
2.04294
2.01205
2.03828
2.01548
2.0101
2.03958
2.05468
1.99989
1.97431
2.02137
2.03715
2.0173
2.00919
1.99974
1.97128
2.02068
1.99702
1.97843
1.97155
2.00457
2.03048
1.98897
1.98626
1.98404
1.97652
1.9563
2.01685
2.01931
1.99027
1.99271
2.01595
2.0159
2.03214
1.96656
2.02991
1.93992
2.04969
2.03135
2.04694
1.99247
2.03234
1.99255
1.98493
1.99301
1.98398
1.92816
1.96579
2.03452
1.98252
2.04006
1.97171
2.01393
2.01127
2.01873
1.98969
2.01439
2.02398
2.00449
2.00327
1.96859
2.00607
1.97487
1.99862
1.9663
1.97568
1.99641
2.03006
1.93593
1.95627
1.99341
1.98417
2.03787
1.99836
1.99288
1.98327
2.01278
2.03777
1.96233
1.98905
1.9761
2.00264
2.01039
1.99884
1.99334
2.04656
1.96706
1.9681
1.98601
2.03029
2.05383
1.96817
1.99453
1.98887
1.99062
2.01446
2.00157
2.00083
1.96355
2.02645
2.03246
2.02978
2.02376
1.97988
1.97983
1.97233
2.00951
1.95856
2.00607
2.0075
1.99663
1.9719
2.00564
2.04981
1.99417
2.02879
1.94468
1.91711
1.99421
