1.99353
1.98524
2.00705
1.9858
2.00426
1.998
2.00324
1.97568
2.00659
2.01697
2.00824
1.99545
2.01826
2.01677
2.00302
1.98564
2.00523
2.00279
2.00432
2.00468
2.01912
2.00366
2.00257
2.00793
2.00736
1.99113
1.98896
2.0036
2.00693
1.99143
2.00697
1.99611
2.00327
2.00663
2.00411
1.99076
1.98674
2.00252
1.9932
1.99706
2.00221
2.00428
1.98801
1.97806
1.99307
2.01801
1.978
2.00315
1.99689
2.01237
1.99431
2.00417
2.00422
1.99797
1.9991
2.00168
1.98056
1.99431
1.98634
1.99412
1.9856
1.99917
2.00788
1.98795
2.00213
2.01424
2.00683
1.9951
1.99195
2.00961
2.00714
2.00342
2.01598
1.99407
2.00468
1.99993
2.00494
2.01006
1.99091
2.00243
1.99946
1.99545
1.98991
2.00721
1.99526
1.99776
1.99196
1.99523
1.9986
2.00765
1.98528
2.00114
2.00131
1.98524
1.99963
1.997
1.99903
2.00399
2.00289
1.99945
1.98525
2.00336
2.00081
2.01292
1.99249
1.99624
1.98861
1.99223
2.00053
2.01064
2.01476
2.00326
2.01249
1.99772
2.01203
2.00322
2.00886
2.00588
1.9973
1.99961
2.01249
2.00808
2.00154
2.00281
2.00381
1.99851
1.99279
1.99236
2.0001
2.00292
1.99425
2.01466
1.99159
2.01414
1.98323
2.01191
1.99423
2.00347
1.99811
2.01059
1.99421
1.99854
2.01399
2.00584
1.9914
1.98932
1.98828
2.0006
1.97849
2.01558
2.00436
1.99252
1.98737
1.99972
1.99786
1.98938
2.0011
1.99878
1.98834
2.01064
1.98832
2.00946
2.00255
2.00634
2.00143
2.00308
2.00605
2.00474
1.9954
2.00663
2.00187
2.00753
1.98231
2.01446
1.99013
1.98998
1.99503
2.0037
1.99988
1.98746
2.00362
2.01056
1.99976
1.97367
1.99332
2.00243
1.99999
1.97054
1.99879
1.999
2.01604
1.99785
2.02415
1.99369
2.01244
2.00207
1.99704
1.99843
2.01618
1.99871
2.0104
1.99116
2.01037
1.98611
2.01241
1.99379
1.98333
1.99591
1.99334
2.00257
2.01519
1.99771
2.00952
2.00457
1.9997
2.00375
1.99876
1.99691
2.00425
2.00335
2.0015
1.98796
1.99024
1.98839
1.99625
2.01276
1.98355
2.00092
1.99742
1.97971
2.0059
1.99997
1.99221
1.99748
2.01912
2.00608
2.0136
2.01097
1.98247
2.00056
2.00551
1.98688
2.01189
1.99275
1.99402
1.99832
2.00254
2.00289
2.01183
2.00902
2.00035
1.99183
1.99263
2.00832
1.99823
2.00913
1.99874
2.00362
2.02546
1.98258
1.99271
2.00612
1.99025
1.99561
1.98377
1.99476
1.97096
1.99206
2.0065
1.99438
1.98822
2.00748
1.9888
1.99612
2.00998
2.00059
2.00958
2.00219
1.99528
2.00331
2.00565
2.01203
1.99266
2.02288
1.97447
2.00638
1.99823
2.00337
2.00941
2.00256
1.99931
1.99303
2.01649
2.00367
2.01031
1.98412
1.99952
2.01652
1.98642
1.99529
2.00761
1.98525
1.99883
2.01089
2.00536
1.97905
1.99758
1.99836
1.98484
1.99888
2.00287
2.00154
2.0052
2.00627
1.97454
2.00568
2.0146
1.98982
1.99521
2.00074
2.00333
2.00403
2.00201
2.00574
2.00864
1.99328
2.00237
1.97892
2.00252
1.99975
1.99795
2.01065
1.99859
2.01539
2.01377
1.99303
1.99841
2.00159
1.98882
1.98682
1.98778
2.01089
1.99302
1.99437
1.9959
2.00295
2.01275
1.98047
1.99166
2.00187
2.00532
1.99009
2.01962
2.00264
1.99728
1.99946
1.979
1.99891
1.99239
1.98722
1.99371
1.99634
2.0011
1.99347
1.99517
2.00268
1.99655
1.99209
1.98283
1.98506
1.99633
2.01912
1.9931
2.00694
2.0005
1.99632
1.98958
2.00087
1.99482
1.99855
2.00768
2.00095
2.00425
1.98188
1.98702
1.99961
1.99625
2.00159
2.00586
2.00987
2.00365
2.0012
1.99335
2.00548
1.99391
2.00933
1.99145
2.01507
2.01054
2.0101
2.00761
1.99525
1.99612
2.00323
2.00571
2.00738
2.00927
1.99361
2.01106
2.00056
2.01167
2.00183
2.00259
2.02243
1.98985
2.00868
1.9816
2.00304
2.00928
2.01546
1.99899
2.02434
1.98752
1.98852
1.98968
2.0016
2.0049
1.9912
2.00413
1.98758
2.0037
1.99671
2.00256
2.00025
1.9975
1.98125
1.99825
2.00875
2.01504
2.01449
1.99984
2.00216
1.99559
1.99809
2.0022
2.01226
1.99232
1.98747
2.00993
2.00493
1.97908
2.0152
1.98996
1.99706
2.01075
2.0038
2.0075
2.00705
1.99664
2.01538
2.01756
2.00632
1.98875
2.00678
2.02038
2.00426
2.01298
2.00555
2.0112
2.01045
1.9962
2.00913
2.00269
2.0119
2.0004
1.98559
1.98119
2.0118
2.00707
1.99779
1.99843
2.00409
2.00287
1.99985
1.99606
2.00479
1.99166
2.00024
2.00266
1.99482
1.99751
2.00577
2.00476
1.99861
1.98842
2.00858
1.9975
1.9884
1.98834
1.97875
2.00666
2.00992
1.99528
2.01137
1.99761
2.00003
1.9939
1.99547
2.00415
1.98917
2.0095
1.99419
1.99138
1.98605
2.00063
1.9941
2.00686
1.99989
2.00001
2.01699
1.99829
2.00812
2.00766
1.99253
1.98744
1.99591
2.00461
1.98217
2.01285
1.99967
2.00287
2.0236
2.00326
2.00784
2.01283
1.97821
2.00078
1.99065
2.01371
1.98905
1.99545
1.99924
2.00815
2.00141
2.00731
2.00312
2.01753
2.00415
1.99453
1.99268
2.00337
1.99881
2.01609
2.01486
2.01511
1.99816
2.00046
1.9723
2.00284
1.9906
2.0003
2.00961
2.00095
2.00806
1.99398
1.99258
1.98511
2.00638
1.99392
1.98607
1.97499
2.002
2.01277
2.00943
2.00136
2.00975
2.00025
1.98769
2.00068
2.0048
1.98531
2.01199
2.00733
2.02111
1.9995
1.99919
1.98914
1.99843
2.00681
2.00495
1.96992
1.98053
1.99967
2.01879
2.00104
2.01059
1.98581
2.00171
1.99585
1.9959
1.99137
1.99201
2.02474
1.99008
1.98637
2.01039
2.00656
1.98674
1.99489
2.00297
1.99345
2.00738
2.01582
1.99621
1.99585
1.99142
2.00652
2.01585
2.01185
1.98778
2.01173
2.01149
1.98409
1.99859
1.99113
1.98403
1.99124
2.01069
2.0051
2.00021
2.01639
2.01732
1.99745
1.99786
1.99948
1.99917
2.01266
2.00025
2.01047
2.004
2.00104
2.00446
2.01054
2.00244
2.00701
2.01463
1.99658
1.99967
1.99985
1.99848
2.00134
1.98915
2.00227
1.9865
2.00086
1.99894
2.00645
2.00749
2.00477
2.0075
2.01034
2.00541
2.00694
1.99782
2.01355
1.99584
1.98867
1.99679
2.00891
1.99537
2.00535
2.00538
1.98797
1.9956
1.99615
2.00698
1.99273
1.99172
1.99322
1.99705
2.0079
2.00301
2.00365
2.00287
1.99141
2.00078
1.998
1.98603
1.99831
1.99387
1.99993
2.01334
2.01407
2.00929
2.00122
2.00678
2.01031
2.00424
1.99809
1.97785
1.98918
1.99844
1.9967
2.01356
2.00399
1.99695
1.98326
2.01141
1.99112
2.00298
2.00632
2.00216
2.00453
1.98096
2.02237
1.99159
2.01299
2.00473
2.01025
1.98147
1.99408
2.01042
1.97781
2.01464
2.00313
1.99013
2.00131
1.99387
2.00675
1.9852
2.00057
1.99185
1.98063
1.99484
1.9763
2.00294
1.99897
2.01805
2.01776
1.99639
2.0019
1.99386
1.98662
2.00625
2.00686
2.0171
2.0095
2.01172
2.00418
2.02128
2.00565
1.98817
2.00326
2.00988
2.00479
2.005
2.00381
1.98359
2.00242
2.00256
2.02072
1.98885
1.99865
1.98926
1.97813
1.99823
1.9913
1.99857
1.99301
2.01272
2.00045
2.00241
1.99425
1.98302
2.00218
2.01337
1.99654
2.01175
2.00212
1.99856
1.99759
1.98785
1.99541
1.99576
2.00303
2.00381
2.00444
2.01212
2.00358
2.00016
2.01291
1.99475
1.99719
2.01247
1.99392
1.98863
2.00346
1.99291
1.99876
1.99779
1.99704
1.99374
1.99504
2.00362
2.00346
1.99473
2.00087
1.99183
2.00479
1.99445
2.00294
2.01277
2.00291
1.98819
2.0007
1.99893
1.99941
2.00467
2.01481
1.9853
1.99478
2.0055
2.00764
2.00073
2.00711
1.99893
2.0017
2.00709
1.98968
1.98944
1.99842
1.99967
1.99209
1.98739
1.99682
1.99876
1.99823
2.00049
1.99628
2.01008
2.00521
1.99807
1.99389
1.99113
2.01097
1.99208
1.9926
1.98928
1.99965
1.98272
2.01654
2.01613
1.99441
1.99571
2.00936
2.01029
1.97637
1.99896
1.99601
1.98235
2.00998
1.99802
1.99603
1.99782
1.98475
2.00796
1.99788
1.99407
1.99542
1.98658
1.99604
2.00767
1.99962
2.00488
2.00376
1.9979
1.99342
2.00078
1.99561
1.99621
1.99615
1.98817
2.00194
2.00347
2.00563
2.00065
2.00479
1.98499
1.98703
1.99438
1.9921
2.00044
1.98856
1.99566
1.99229
1.99933
2.01054
2.02577
2.00965
2.00511
2.00643
2.02469
2.01912
1.99942
1.99458
2.00332
1.99245
2.00711
2.00429
2.01672
1.993
2.0166
2.00543
1.99488
2.01261
1.98411
2.00615
2.00481
2.00657
1.98279
2.00226
2.00609
1.98872
1.99827
2.00645
2.01387
1.99226
1.98169
2.00549
2.00521
2.01226
2.01233
2.00716
1.98195
1.99878
1.99508
1.98628
1.99805
1.99549
2.00418
1.99414
2.00827
2.00747
2.0031
2.01743
1.99754
2.00007
2.00935
1.98371
1.99135
2.01541
2.02014
1.98948
1.98793
1.98041
2.01338
2.00383
2.0087
2.00315
2.01076
2.00662
1.98691
1.98865
1.99347
2.01959
1.99523
2.00248
1.99062
2.00112
1.997
2.00012
1.99399
1.98063
1.99375
2.00172
1.99603
1.99683
2.01306
1.99618
1.99609
1.98773
1.9973
2.01547
2.0094
1.99637
2.01201
1.99528
1.98209
2.00631
1.98791
1.98536
1.97847
1.99487
1.99682
2.01359
1.99584
2.00341
1.98756
1.97362
1.99102
2.00437
2.00153
1.99717
1.99949
1.98553
2.00899
1.98872
2.02186
1.98997
1.99874
2.00705
2.00079
1.99465
1.99765
2.00004
2.00409
1.98601
1.98827
2.01072
1.9996
2.00358
2.00795
2.01023
2.00502
1.99147
2.00342
1.99651
1.99291
1.98516
2.00895
1.98488
1.99701
1.99183
1.99231
1.99345
2.00657
2.00493
1.99184
2.01064
1.9937
2.00977
2.00335
2.00785
1.99237
1.99398
2.00236
2.0104
1.99982
1.98893
1.99703
2.00844
2.00423
1.99285
2.00023
2.00207
1.98495
2.01327
1.99223
1.98842
2.00448
2.00242
1.97482
2.00628
1.99421
1.99188
1.99704
1.9929
1.99312
2.00096
1.99276
2.01912
1.99547
1.98356
2.00738
2.00984
2.01144
1.99631
1.99466
1.99765
1.99892
2.01696
2.00916
2.01374
2.01016
2.01598
1.98592
1.99314
2.00083
1.99391
2.00686
1.99972
1.99091
2.00849
2.00851
1.99705
2.01133
1.98753
1.99
2.00025
1.99103
2.00813
2.0124
1.9882
1.9965
1.99722
2.00518
1.98195
2.00627
1.99515
2.00234
2.00242
2.01358
1.97869
1.99498
1.99127
1.98764
2.00397
2.01389
1.9897
2.0013
1.99408
2.01379
1.99171
2.00529
1.99304
2.00456
1.99651
1.97376
2.01353
1.99064
2.00957
2.0002
2.01033
2.00433
1.99205
2.00244
2.00595
2.00236
2.02007
1.99579
1.98227
2.00424
1.99834
2.00373
1.97543
2.00658
2.01768
1.99548
2.00489
1.99795
1.9906
1.9819
1.99201
2.00126
2.01761
1.99158
2.01122
1.99578
1.97293
2.01202
2.00407
2.01408
2.0048
1.98412
1.98389
2.00967
2.0023
1.98107
2.01425
2.01716
2.01376
2.0106
1.98363
2.0139
2.00976
1.98331
1.98291
2.0058
1.99864
2.01004
1.97812
1.99053
1.9864
2.00459
2.01087
1.99028
2.00492
1.99474
1.98572
2.01108
2.00189
1.98865
2.01119
2.00182
1.98017
2.00456
1.99978
1.99889
2.01334
2.02103
1.98568
1.99253
1.99113
2.00675
2.00429
2.02249
2.00308
2.00267
1.9899
1.99464
1.9952
2.00779
1.9944
1.99414
1.98838
2.0109
2.00445
2.00128
1.99862
2.01661
1.99777
2.00095
2.00167
1.98529
1.99485
2.01075
1.99799
1.99224
2.00827
1.99277
2.00731
1.99944
1.99009
1.9955
1.99526
2.00565
2.00658
2.0154
1.99131
2.00726
1.9985
1.9943
2.00996
2.01009
1.99567
2.01042
2.00046
1.98306
2.00906
2.00836
2.00864
2.00453
1.9998
1.98919
2.0065
1.99219
2.00068
1.99619
1.98818
1.98972
2.0124
1.99024
2.00742
1.99203
1.99674
1.99834
1.98803
1.994
2.00088
2.00545
2.01261
1.99726
2.0077
2.01042
2.00005
2.0105
1.99676
1.98235
1.99361
2.01784
2.011
1.99439
1.984
2.00762
1.99434
2.00224
1.99673
2.00052
1.99767
1.99135
2.01001
1.9925
1.97828
1.982
2.00308
2.01455
1.98769
2.02077
1.99877
1.99689
2.01391
1.99577
1.9982
2.00949
1.99314
1.99897
2.01384
2.00725
2.01128
1.99803
1.99757
2.00363
2.00042
2.01255
2.01717
1.99816
1.99861
1.9834
2.00965
1.98888
1.98073
2.00245
2.00031
1.99869
1.99171
1.99482
1.994
2.0002
1.99107
1.99975
1.98955
1.99987
2.01915
1.99245
1.99778
2.01272
2.00955
2.00726
2.00593
1.98864
2.0102
1.99598
1.99576
2.01028
1.9976
1.99688
1.99159
2.0009
1.99769
2.01227
1.99802
2.01741
2.01659
1.99537
1.99054
1.99907
2.00944
1.98783
1.99057
1.98553
2.01748
2.01028
1.99648
1.9877
2.00709
2.00078
2.00033
1.99105
1.99483
1.98748
1.99216
1.98184
2.01049
2.00194
1.99339
2.00304
1.98421
1.99564
1.99823
1.99877
2.01249
1.98918
2.00827
1.99718
2.00557
2.00664
2.00589
2.00993
1.98736
1.98473
2.00626
1.99804
1.98972
1.99972
2.00242
1.99293
2.00025
1.98501
2.01458
2.01354
2.00196
1.9854
2.01242
2.01049
2.00099
1.99801
2.01201
1.98446
1.98911
2.00012
2.00461
2.00536
2.00804
1.98189
2.01874
1.99663
1.99647
1.98752
1.99975
1.99941
1.99087
1.99376
1.98916
2.0179
2.01141
2.01352
1.98274
1.99751
2.00533
2.02239
2.00071
1.98984
1.99249
2.01362
1.99385
1.99355
1.99558
1.99631
1.97181
1.99807
1.98551
1.98259
1.98929
2.00246
1.98549
2.00371
1.98817
2.00031
2.01234
2.00636
2.01954
2.0155
2.0065
1.99639
2.02148
1.99284
1.99277
1.99808
1.99238
1.98928
1.99252
1.98068
1.99993
2.00924
2.00845
2.00051
1.99907
1.97461
1.99905
2.01397
2.01152
2.00415
2.00677
2.00661
2.00935
1.99904
1.98288
1.98924
1.99325
1.99851
1.995
2.00217
1.99309
1.99013
1.98463
1.98834
1.9937
2.009
1.99424
1.99536
1.98857
2.02109
2.00057
2.00882
1.99779
1.98959
1.99984
1.99479
1.99734
2.00102
2.00861
2.0004
2.00038
1.9846
1.98556
2.00319
2.00585
2.00088
1.99342
1.98202
2.00197
1.98992
1.99651
1.99974
2.01491
1.98523
2.01348
1.98782
2.00266
2.00017
1.99851
2.00617
1.98688
2.00807
1.99552
1.99585
1.99472
2.0031
2.00086
1.9934
1.9932
2.00147
1.99118
2.00073
1.99357
2.00631
2.00394
1.99193
1.98931
1.99764
2.0001
2.0142
1.99957
1.99811
1.99028
1.99682
2.0113
1.98946
2.00242
1.98346
1.99468
2.00578
2.00519
2.02642
2.01892
1.98955
2.01141
1.99656
2.01262
2.00234
1.98824
2.00545
1.97528
1.98236
2.00634
1.99298
1.9889
1.9962
2.00977
1.98834
1.99965
2.00489
1.99998
2.00922
1.99949
1.98557
2.00611
1.98858
1.97858
1.99715
2.01324
2.0121
1.9894
2.00119
2.00912
2.003
2.00152
2.00569
2.00422
1.98404
2.00026
2.00837
2.00859
2.01052
2.01236
1.99132
1.9969
1.97837
2.00566
1.99053
1.99714
2.00501
1.98427
1.98013
1.98553
1.99017
2.00972
2.0046
1.99609
2.00055
2.00636
2.00417
1.9905
2.02195
2.00337
2.00067
2.00597
1.98699
1.98968
1.99982
2.00067
1.99097
2.02221
2.00683
1.9981
2.00276
2.00939
2.00394
1.99126
2.00564
2.00997
2.00957
2.01813
1.99792
1.99556
2.0012
2.0053
2.00878
2.02191
2.00076
2.01059
1.98472
2.02302
2.00457
1.99292
2.0122
1.97851
1.99301
2.01658
2.01164
1.98946
1.99992
2.00415
2.00332
2.01576
2.0169
2.00925
2.00031
1.99134
1.9955
2.00032
1.99521
1.99575
1.98688
1.99565
2.01433
2.01183
1.99739
2.00038
2.00676
2.02115
1.98371
1.99454
2.02183
2.00588
1.99489
1.99712
1.98414
2.00602
1.99581
2.01073
1.98377
2.00277
1.99461
2.00471
1.99511
2.00561
1.98806
1.99071
1.98036
2.00517
2.01446
1.99206
1.99504
1.99974
2.002
2.01236
2.00033
2.00749
1.99789
1.98503
2.00138
2.00446
1.98898
2.01255
2.00277
1.99733
2.00353
1.9865
2.01465
2.00807
1.99485
2.00014
1.98832
1.98881
2.00049
2.00149
1.99122
2.00878
1.99413
1.98575
2.00335
2.0005
1.99314
1.99579
2.00469
2.0098
2.00564
2.00677
1.98798
2.00097
2.00656
2.0107
2.00852
1.99631
1.99225
2.00091
2.01008
1.99209
2.01468
2.00714
2.00945
1.9989
1.99974
2.01055
1.99665
2.01354
2.00319
2.00397
2.00617
1.99229
2.01032
2.00307
1.98677
1.98409
1.98968
2.00299
1.99059
2.01387
2.00023
2.00622
2.00304
1.99044
2.01473
2.00316
1.9918
1.99546
1.99271
1.98457
2.00556
2.00034
2.00593
1.99312
2.00117
2.00691
2.00798
1.99943
2.00789
1.99849
1.99585
1.99151
1.98375
2.00524
2.00519
1.99231
2.01113
2.01524
1.98431
2.00336
1.99525
2.00216
1.9861
2.00651
1.9969
1.98896
1.99893
1.99293
2.03077
2.00082
2.00185
1.99043
1.99515
2.01466
2.00949
1.99324
1.99585
1.98611
2.00569
2.0215
1.99412
1.9864
1.9975
2.01754
1.98081
2.00679
2.01352
1.98864
2.01432
1.99733
2.00381
1.99307
2.0165
2.01359
1.98835
1.99363
2.00332
2.00432
2.01193
1.98378
1.99716
1.98999
1.99928
1.99773
2.00443
2.00718
1.99491
2.00423
2.01355
1.99682
1.99373
1.99202
1.99399
2.01049
1.98856
1.98475
2.02216
2.00285
2.00438
2.00246
1.99887
2.00054
1.98382
2.00011
2.01228
1.99843
2.00966
1.98754
1.99741
1.9991
1.98473
2.00926
1.98588
2.00056
1.97693
1.98617
1.9929
1.98655
2.02829
2.00732
2.00513
1.99818
2.00538
2.00468
1.99236
2.00178
2.00622
2.01676
2.01684
1.99146
1.99365
2.00219
2.01201
1.99041
2.00388
1.99283
1.99356
2.01242
1.9779
1.99015
1.99418
1.98174
1.98993
1.98329
2.0112
2.00269
1.99627
1.98898
2.00368
1.99414
1.98614
2.00291
1.99911
1.99318
1.99457
1.99736
1.98349
1.99611
1.99977
1.99622
1.98974
2.00886
1.99304
2.01188
1.98273
2.0171
1.98891
1.98623
1.98184
2.00835
2.02857
1.99406
2.00192
1.99343
1.99715
1.97337
1.99962
2.0173
1.97914
1.99523
2.00356
1.99046
1.9823
2.01605
1.99725
1.98449
2.00179
1.98431
2.00019
1.98698
1.99897
2.00262
1.99494
1.99043
2.01865
1.99465
2.00029
1.99284
2.00123
1.98299
2.01122
2.00206
2.01021
1.99411
1.99583
1.99211
2.0069
1.98701
2.00537
2.00013
2.00191
1.97995
2.00645
1.99104
2.00633
2.00022
1.99626
1.99131
1.99564
2.01923
1.99202
2.00199
2.00336
1.99967
1.98903
2.00019
2.00918
2.01406
1.99026
1.99611
1.98634
2.01125
2.00185
1.99966
1.98527
1.9915
1.99704
2.00825
2.00257
2.00298
1.99149
2.00181
1.99709
1.99952
1.9938
2.00658
2.00541
2.00889
1.99074
2.00012
2.00179
2.00973
1.99159
1.99746
1.98621
2.00447
1.99622
2.01795
1.99453
1.99888
1.99153
1.98919
1.99455
1.98331
1.98825
1.98551
1.99364
2.01664
1.98761
1.99189
1.99683
2.00159
2.01784
1.99445
1.99561
2.0128
1.99013
1.98702
2.00103
1.99559
2.00143
2.00147
2.00395
2.0029
2.01447
1.99376
2.0103
1.99392
1.99137
2.003
2.00243
2.00341
2.00083
2.00291
1.99232
1.98276
1.99457
2.01644
2.00993
1.99785
1.9907
1.9967
1.99661
2.0186
1.99605
1.99617
1.97205
1.98294
2.00431
1.99495
1.99838
1.99352
2.01378
1.99207
2.00421
2.00697
2.0184
1.97746
1.99256
1.99608
2.01283
2.01044
1.99625
2.00441
1.99303
1.99785
2.00788
2.00339
2.00093
2.00118
2.00097
2.02174
2.00543
1.99943
2.00188
1.98561
1.99375
1.99606
1.98885
1.99246
2.00372
1.98688
2.0012
1.98522
1.98918
2.00841
1.97898
1.99352
1.99773
2.00059
2.00721
2
1.99585
2.01006
1.99307
2.00467
2.00406
1.98626
2.00665
2.00644
2.00255
2.00383
2.0002
2.00111
1.99284
1.98996
2.0081
2.00065
1.98929
2.01079
1.99598
2.00906
1.98805
2.00204
2.0071
2.00276
2.0165
2.00187
1.99057
2.00068
1.97726
2.02131
2.01918
1.99296
2.01694
1.99518
1.98907
1.99863
2.00127
2.01807
1.98411
1.98383
2.00171
1.99592
1.99743
2.00268
1.98643
1.99212
2.00619
2.00229
2.01921
2.0102
2.01086
1.98975
2
1.98396
2.00004
2.00269
2.00319
2.01072
1.99693
2.00875
1.99978
1.99944
2.00116
1.9895
1.98814
2.00627
2.00743
2.00095
1.99813
1.99306
2.0173
2.00625
2.01877
1.99492
2.00438
2.00568
1.99117
2.00772
2.00309
1.98235
1.99274
1.99561
1.97571
2.00403
1.99589
1.98778
2.0052
1.99464
2.00352
2.00819
2.01917
2.00082
2.0084
2.01365
2.00304
1.99916
1.99744
2.00065
2.00411
2.01286
1.99451
1.98065
2.00098
2.01286
1.99332
2.0007
2.00423
2.01554
2.00308
2.01842
2.00144
1.98347
1.99984
1.99813
2.00839
1.99815
1.99508
2.00529
2.00423
1.99456
1.99663
2.00266
2.00557
2.01133
1.98875
2.00129
1.99533
1.99134
1.99566
1.99129
1.99019
2.00479
1.9901
2.00857
1.9975
2.00542
1.98943
1.97737
2.00084
1.99101
1.99612
2.02793
1.99261
2.02835
2.01055
1.98968
2.00045
2.01209
2.00497
1.99186
2.00116
1.99224
1.99208
1.99515
2.00579
1.99948
2.00232
1.99552
2.00077
1.99593
2.00274
1.99238
2.00439
2.00212
2.00258
1.99945
2.01366
2.01247
1.98266
1.99807
2.01092
2.00175
2.01677
2.00599
1.99651
2.00683
2.00809
2.00575
1.99427
1.9926
1.99559
1.99333
1.99402
2.00191
1.99219
1.9919
1.9994
2.00398
2.00207
1.99799
2.01333
1.99907
1.9994
2.00911
1.99435
1.98073
2.00163
1.99656
1.99938
1.99252
2.02414
2.00342
1.98895
2.00631
2.00004
2.00344
2.00483
2.0153
2.02184
1.98307
1.9956
2.00294
1.99019
1.9975
2.00987
1.98784
2.00328
1.98574
1.99289
1.99778
1.99685
1.99719
2.01427
2.01469
1.99774
1.96697
2.00986
2.01319
1.99505
2.00794
1.98568
1.99951
2.0106
2.00225
1.98606
2.00151
1.99872
2.01561
2.00108
2.005
1.99216
1.98865
1.99445
1.98874
2.00695
2.00007
2.00259
2.01085
1.98443
1.99699
2.01015
1.98807
2.00291
1.98293
1.97684
2.01184
1.99096
1.99329
2.02279
1.99502
2.00208
2.02512
2.02335
1.99546
2.01346
2.00046
1.98699
1.99225
2.01252
1.99686
1.98455
1.99989
2.00385
2.00424
1.97232
2.00004
2.00621
2.00646
1.98872
2.01319
1.9969
2.00795
1.99964
2.00543
2.00905
2.00265
1.99278
1.99939
2.01036
2.01428
1.99645
1.99727
2.00579
1.99566
2.00254
2.00104
2.00733
1.99976
2.01064
1.98577
1.99163
2.00788
1.99158
1.98321
1.99696
1.99983
1.99914
1.98996
1.9976
1.98196
1.9947
1.99253
2.00196
1.986
1.99476
1.99977
1.99958
2.00842
2.02216
2.01841
2.00366
1.99886
2.01221
2.00978
2.00457
2.00157
1.99497
1.99702
2.00279
2.00902
2.00079
1.99458
1.99676
1.99906
2.00063
1.99797
1.99232
2.00189
1.99293
1.98875
1.97882
1.99469
2.03019
1.99399
1.98703
2.00202
2.00939
2.00545
2.01469
2.00579
1.99413
2.01684
2.00047
2.00285
1.99438
1.99839
2.00342
1.99541
2.00441
1.98828
1.99993
2.00155
2.00526
2.00922
1.97853
1.9935
1.9794
1.99401
1.99571
2.00138
1.99698
1.99945
1.99403
2.01444
2.00634
2.00086
2.00068
2.00046
2.01709
2.01265
1.9979
1.9926
1.97536
2.00744
2.01673
1.99103
1.99842
1.9884
1.99221
1.99221
2.01549
2.00047
1.98012
1.9964
1.99999
2.00802
2.00561
2.0064
1.98409
2.00377
1.99018
1.9891
2.0088
1.99151
1.99391
1.99171
1.99679
1.97708
2.00129
1.98605
1.99292
1.99889
1.99158
2.0084
2.00723
1.99601
2.0091
1.9984
2.00383
1.99353
1.99574
2.00265
1.98374
1.99606
2.00499
1.99833
2.01588
1.9951
2.01265
2.02248
2.0099
1.97408
2.00833
2.00362
2.02983
2.00632
2.00998
2.00771
2.00861
2.00704
2.0099
1.98384
2.00856
1.99714
2.00405
2.00866
2.00171
1.99207
2.00034
2.00389
1.9993
2.01167
2.00272
2.00781
2.01593
1.99055
1.99756
2.0102
1.97738
2.00204
1.99783
1.98566
1.9898
2.01126
2.01601
1.99617
2.00312
2.00342
2.01092
2.00005
2.01021
2.02651
2.00179
2.01362
2.01171
2.0073
2.00245
2.00357
2.00417
2.01082
2.00418
2.00163
1.9858
2.00884
2.00932
2.00947
1.98697
1.9934
2.00298
2.00238
1.98677
1.99112
2.00898
1.99806
2.00272
2.00629
1.99518
2.0044
2.00671
2.00141
1.98517
2.00199
2.00798
1.99802
2.0082
1.99252
1.98931
1.99671
2.01009
2.00818
1.9888
2.01266
2.01296
2.01588
2.00744
2.00627
2.00163
1.99034
1.99512
2.00848
2.01924
1.99131
2.01103
1.99433
1.98957
1.98584
1.99062
2.00491
1.99391
1.99567
1.98844
1.98956
2.00537
1.98798
1.99869
2.03382
2.01029
1.99851
1.99474
2.00549
1.99312
2.00532
1.9992
1.97916
2.0157
2.00462
2.01202
1.97241
1.98809
2.00381
2.01795
2.00238
1.99421
1.99848
1.98298
2.01301
2.00689
1.99642
1.99809
2.00842
1.98357
2.00525
1.99305
2.00098
1.99189
1.99423
2.0147
2.01408
2.01763
2.00767
2.00982
2.00215
1.99199
1.98874
1.99005
1.9815
2.00987
1.99147
1.99787
2.00031
2.00164
1.99201
1.9989
2.00162
2.00225
2.00347
1.99246
1.99823
1.98495
1.98527
2.00964
1.99237
2.01009
1.98
1.99213
1.98445
2.0085
1.9974
1.99777
1.99955
2.00322
1.99569
1.99848
1.98093
2.01028
2.01016
2.01471
2.01987
1.97937
1.9991
1.98717
1.99193
1.998
1.9856
1.99992
2.00244
1.99669
1.99791
2.01091
2.00379
2.00841
1.99866
2.00227
2.00293
2.01419
2.00001
1.99435
1.99269
1.97893
1.98587
1.98057
1.99979
1.98829
2.00029
1.99578
2.0006
1.99515
1.98839
1.99454
2.00392
2.03079
2.00443
1.99231
1.99887
2.01003
1.99142
2.00026
1.98979
2.00159
1.99911
2.00289
2.00907
1.99453
1.98834
2.00289
2.0136
2.00576
1.99472
1.99972
1.99219
2.01259
2.00247
2.0159
1.98957
1.99868
1.9996
1.99863
2.01001
2.00674
2.00403
1.99545
1.99392
1.98995
1.99868
1.99899
1.99479
2.00938
2.00022
2.00865
2.00165
2.02431
2.01034
2.01449
1.99754
1.99848
1.99634
1.99014
2.00882
1.99766
1.99252
2.00776
2.01524
2.00627
1.99117
1.99601
2.00553
1.99815
2.00714
2.00412
2.0021
2.00978
2.01119
1.99991
2.00761
2.00713
1.99536
1.99688
1.98755
2.01209
1.9931
2.00433
2.00804
1.99931
2.01299
1.99876
2.00218
1.98987
2.0077
2.01086
2.0061
2.00495
2.00688
2.00959
2.00229
2.0052
1.9973
2.0051
1.99931
2.00107
1.98854
2.01028
2.00369
2.01195
2.00718
1.99816
1.99023
1.98273
1.99502
2.00404
2.01466
2.00363
1.99919
2.00367
2.01461
2.02284
2.00626
1.99764
2.00583
2.00875
1.98721
2.0187
2.00356
1.99838
1.99337
1.99824
2.00718
2.00853
1.99727
2.00391
1.9943
2.00807
2.0126
1.97324
1.99826
1.99063
1.9997
2.00041
2.01471
1.99095
1.993
1.9921
2.01238
1.99053
2.00708
2.00892
2.00861
2.00213
2.00031
1.99239
2.0031
1.99256
2.00705
1.99527
1.98595
2.00271
2.00259
1.99334
1.98159
2.00962
2.00302
2.01514
2.01066
2.00317
1.99389
1.99785
1.99329
2.01182
1.99982
2.02657
2.00149
2.00009
2.00123
2.0004
1.99733
2.01218
2.01728
1.99988
2.00489
2.00332
2.01177
1.98517
2.00271
2.00251
2.00073
2.00367
2.01047
1.97187
1.99361
2.00787
1.99855
2.00774
2.00741
2.00643
2.01112
2.00325
2.00701
2.01326
1.99503
2.00094
2.0022
1.99271
1.99495
2.01031
2.00702
2.00103
2.02611
1.99579
2.0036
1.99569
1.99146
2.02669
2.00513
2.00851
1.98978
1.99643
1.9866
1.99902
2.00608
1.99639
2.0117
2.01508
1.98652
1.9889
1.99926
2.00009
1.99658
1.99245
1.9845
1.99255
1.99637
1.99723
2.00677
1.9997
2.01424
1.9935
1.99656
1.99699
2.00265
1.99477
2.00765
2.00236
2.01591
1.99193
2.00017
2.00874
1.99522
1.99653
2.02246
1.99859
1.99538
2.00969
2.00065
2.01019
1.98928
1.99953
2.00727
1.99517
1.98339
2.00414
2.01405
1.99763
2.00353
2.00213
2.00259
1.99987
1.99388
2.00301
1.99201
1.99297
2.00458
1.99374
1.99077
2.01286
2.01452
2.00112
1.99522
2.01128
1.9993
2.00099
2.00608
1.99461
2.00416
1.99412
2.00088
1.99798
2.01548
1.99132
1.98247
1.99788
1.99957
2.00413
1.99002
1.99191
1.99903
1.98381
1.98749
1.99644
2.0051
2.00394
2.0036
2.0076
2.00847
2.00843
1.99462
2.00333
2.00342
1.98152
1.98537
1.98957
1.99399
2.00128
1.99161
1.99442
1.98844
2.0074
2.00995
1.98272
2.00478
2.01727
2.00712
1.99574
1.99466
1.99336
2.02943
1.98566
2.00895
2.01073
1.99822
2.00527
2.00134
2.01317
1.99537
2.00833
1.99557
1.9893
1.99363
1.98603
1.99429
1.99777
2.00147
2.01354
2.00421
1.98294
1.98298
2.00123
2.00409
2.00165
1.99431
1.99926
1.98953
1.99853
2.00338
2.01313
1.98737
2.01242
2.00302
1.98251
2.00033
2.01097
2.00088
2.001
1.98882
2.00006
1.99582
2.00264
1.99989
2.00193
2.02312
1.99572
2.00468
2.00318
1.99178
1.9948
2.00021
1.99928
1.99178
1.99498
2.0149
2.00518
2.00886
2.00061
2.00188
2.01212
2.01062
2.00613
1.99787
2.00532
2.0043
1.99106
1.98251
2.00849
1.98554
2.01064
2.02821
1.99467
1.99664
1.99869
1.99692
1.99103
1.99627
2.00102
2.0003
2.00375
1.99344
2.0086
2.01366
2.0034
2.00506
2.03086
1.99937
1.99241
2.01587
2.00138
1.98214
2.0036
2.01534
1.99226
1.99492
1.98844
1.99358
1.99132
2.0033
2.01438
2.01186
1.99721
1.99998
2.00319
1.99201
2.00889
1.98461
1.9983
1.99498
1.99819
2.01839
2.00561
1.99816
1.99667
1.98565
2.00531
2.00998
1.9947
1.98882
1.98867
2.00389
2.00055
2.00664
2.00692
2.00358
2.00712
1.99136
1.99902
1.99845
2.00759
1.99186
1.99655
1.99414
2.01091
1.97844
1.99684
1.99187
1.99776
1.98636
2.01026
2.00891
2.00149
1.98922
1.99836
1.99623
1.99396
1.99677
1.98814
2.00017
2.0042
1.98908
2.00325
1.99726
2.00647
1.99721
1.98992
1.99516
2.00999
1.99916
1.99586
1.97424
1.986
2.00603
1.9894
2.00537
2.00474
1.99258
1.99232
2.01047
1.99487
1.98696
2.00088
2.0106
2.00075
2.00792
2.0153
1.99054
2.01608
2.00542
1.98863
2.00003
1.97559
2.00024
1.99606
1.99101
1.99431
1.98673
2.01839
2.01076
2.00124
2.00603
2.00312
2.00551
2.01234
1.9978
2.00443
1.99633
2.00478
2.00143
1.99905
2.00508
2.00848
2.02381
2.01255
2.00367
2.00079
2.01594
2.01347
2.00378
2.00802
1.99572
1.99713
2.00687
1.98954
1.99756
1.97746
1.99661
2.01483
1.99314
1.99786
2.03666
1.99704
2.00582
2.00679
2.002
2.01141
2.01899
2.0001
1.99668
2.00576
2.00332
1.99297
2.00816
1.99757
2.00282
1.99866
2.00904
1.99624
2.01585
2.01434
2.00239
1.9941
1.99385
2.00892
1.99261
2.00184
2.00555
2.01662
2.02005
2.01264
1.97972
2.00184
2.01524
2.00592
2.01551
1.99219
2.00897
2.00704
1.99825
2.00142
2.00375
1.99644
1.99624
1.99488
1.99662
2.00775
1.99866
1.98612
1.98955
2.00063
2.00294
2.00523
2.00793
2.00989
2.02184
1.99428
2.00474
2.00301
2.00021
1.99967
2.01481
2.00074
1.99032
2.00851
1.9997
2.00838
2.01096
2.0115
1.98256
2.00381
1.9974
2.00697
2.00275
1.98897
1.99888
1.99783
2.01123
1.99789
2.01263
1.99459
1.99812
1.99875
1.99809
1.99071
2.00093
2.01157
2.01548
2.00576
2.00719
2.0109
2.00441
2.00151
2.00983
1.99333
1.99803
1.99086
1.98114
2.00473
1.99059
2.00685
2.01523
1.98894
1.99049
1.99831
2.00112
1.99998
2.00848
1.99174
2.02644
1.98941
2.00754
2.01756
1.9903
2.01443
2.0063
2.01101
2.00617
1.99519
1.99756
2.0101
2.00405
1.98231
2.01752
1.99247
2.00819
1.98911
1.99654
2.01028
1.98871
2.01079
1.98609
1.99053
2.00381
2.01085
2.00634
2.00184
1.98767
2.00357
1.99101
2.00225
1.99742
1.98928
1.97829
1.99874
2.00524
2.00477
1.99805
1.99831
2.00232
2.00155
2.01544
2.00892
1.98326
2.0017
1.99865
1.98378
1.98817
2.00072
1.99629
2.00829
2.00186
2.01205
1.99993
1.99357
2.00865
1.99577
2.00971
2.01371
2.00916
2.00362
1.98701
2.02129
1.9943
2.00618
2.01365
2.00218
1.98956
1.98837
2.0052
2.00281
1.98999
1.99874
2.00235
2.0043
1.9937
1.99444
2.00163
2.0013
1.98488
2.00313
1.99982
2.01293
1.99699
1.98355
1.99139
1.99991
1.99184
2.00736
2.01041
1.99418
2.00016
2.00982
2.00432
1.99018
1.99505
1.99137
1.98558
1.98337
1.99986
2.00235
2.00727
1.99878
2.01869
2.0049
1.99879
2.01278
2.00207
2.00762
2.01268
1.98141
1.99599
2.0029
2.00473
2.01417
2.00885
1.99583
1.99973
2.00242
1.99912
1.99778
1.99878
1.99047
2.00393
1.98473
2.00052
1.9899
1.99126
2.00318
2.01033
1.99975
2.01447
2.00027
2.00862
2.00517
2.01225
1.99053
1.99904
2.00142
2.00323
1.99007
2.00153
2.00062
1.98788
1.99374
1.98164
2.00335
1.9947
1.99206
1.99331
1.99662
1.99916
1.98624
2.02978
1.99259
2.00069
1.99018
1.9953
2.00776
2.00234
2.00496
1.99972
2.00393
2.01324
2.00835
1.98862
2.0066
2.00571
2.00704
1.99643
2.00327
2.00454
1.99087
1.99266
2.00948
1.98781
1.99806
1.99057
1.97671
2.0191
1.99635
2.00483
1.99565
1.98736
1.99704
1.98321
1.99335
2.00472
1.99811
2.00192
2.01135
2.00933
2.01198
1.99176
2.00042
1.98671
2.00761
1.9962
1.99962
2.00096
1.99706
1.99726
1.99681
2.01705
2.00496
1.98802
1.99112
2.00092
1.99861
1.98593
2.01288
1.99611
2.01099
1.98652
1.99224
1.99396
2.00374
1.98324
1.99428
2.01208
2.00712
1.98461
1.98568
2.00578
2.01079
2.01036
1.99378
1.97868
2.00739
1.99821
1.99777
1.98677
1.9981
1.99301
1.99706
1.99903
1.99569
1.99562
1.99075
1.99668
1.99399
2.00527
1.99016
2.0026
2.02266
2.0013
1.99783
2.00906
1.98033
1.99359
2.00034
2.00045
1.99701
2.0131
1.99354
1.98559
2.0146
2.00713
1.99448
2.01167
2.01747
2.01615
2.00018
1.99249
2.00547
1.99811
2.00342
2.01336
1.99732
1.99033
1.99409
1.99889
2.00571
1.99135
1.9914
1.99251
1.98628
2.0141
2.00957
1.98557
1.99075
1.98488
1.99221
2.00612
1.9989
2.00272
2.01255
1.9958
1.99124
2.01374
2.01194
2.00493
1.99086
1.98907
1.99458
2.00241
1.99369
2.00149
2.00051
1.99705
2.01226
1.99439
1.99751
1.99476
2.01253
1.99579
2.00198
2.00921
2.0004
1.99443
1.99234
2.00887
2.00923
1.9923
2.00307
1.99563
2.01397
2.01081
1.99621
1.99984
1.99735
2.00708
2.0141
2.01789
2.00438
1.9946
2.0064
2.00775
1.9973
2.01155
2.00785
1.993
1.99022
2.00294
2.00598
2.0053
2.0294
1.99693
1.99573
2.00649
2.00551
1.99175
2.01439
1.99561
1.98173
1.9972
2.00599
2.01496
1.99456
2.00899
1.99473
2.00491
2.00728
2.00488
2.00522
2.02117
1.98667
1.99548
2.01064
1.99758
2.00678
1.99574
2.02051
1.9945
2.0011
1.99602
2.02082
2.01383
1.98577
1.98657
1.9959
1.99122
2.00487
2.00984
2.00368
1.99339
1.99655
2.01577
1.995
2.01109
1.98376
1.99023
1.97643
2.00096
2.01872
1.99292
1.96907
1.98118
1.99834
1.99072
2.01242
1.98584
1.98889
1.9987
2.01445
2.00983
1.99446
2.00464
2.00227
2.00648
1.9984
2.00531
1.98725
1.99704
2.0003
2.00075
1.98337
2.00389
2.00171
2.00184
2.0004
2.01488
1.99835
2.00008
2.00931
2.0056
1.98149
1.99993
1.98271
2.00552
1.98889
1.98714
1.99311
2.00957
1.99153
1.9948
1.99715
2.00919
1.98565
1.99608
2.00904
1.99519
2.00237
1.98997
1.99264
2.00872
2.01566
1.99768
1.99845
1.99698
1.99553
2.00745
1.99482
2.00515
2.00837
1.97162
1.99492
1.99906
1.99341
2.01185
1.98814
2.00967
2.01438
1.99671
2.00642
2.00599
2.00398
2.01098
2.00577
2.00742
1.99467
2.01371
2.0076
2.00108
2.01945
2.00737
2.00346
1.99449
2.01867
1.99596
2.00317
2.01024
1.99583
2.00668
2.00458
1.99681
1.99785
1.98955
2.00042
1.98263
1.9959
1.99775
2.00534
1.99144
1.98219
2.00769
1.99932
1.98244
1.99136
1.99014
1.99144
2.00737
2.00643
2.00273
1.99676
1.9864
1.99742
1.99559
2.00804
2.00184
2.00459
2.01406
1.99263
2.01643
2.00008
1.98732
2.0013
2.0021
1.99931
2.00845
2.00228
1.98064
1.99668
1.98015
2.00514
2.00927
1.98557
2.00171
1.98974
1.98766
1.99695
1.98978
2.00558
2.0074
1.9928
1.99969
1.98851
1.99873
2.01054
1.99248
2.00404
2.01504
1.99139
1.97912
1.99576
2.00241
2.01732
2.00074
2.00153
2.00232
2.0089
1.99983
2.00692
1.99496
2.00805
1.98467
2.00299
1.99616
1.99173
1.99961
1.99889
1.99992
1.99056
1.9839
2.01097
2.00076
1.99839
2.01217
1.99728
1.98893
1.99849
1.99612
2.00007
2.00585
2.00632
1.99675
2.00386
2.00213
2.01242
2.01122
1.99299
1.99868
2.00317
1.99988
1.99628
2.0069
1.99774
2.00933
2.00547
1.99381
1.99057
2.01457
1.99277
2.01238
1.99115
1.9885
2.02055
2.01089
1.9907
1.99812
1.99044
1.99719
2.0017
2.00627
2.01965
2.00789
1.98045
2.00559
1.99117
1.98588
2.00077
1.99376
1.98748
1.99504
2.00426
1.99288
2.01065
1.99928
2.00181
1.99462
2.02234
2.01708
1.99043
1.99159
1.99752
2.0002
2.00111
2.00039
2.00795
2.01225
1.98325
2.01271
1.99666
1.9964
1.99565
2.00339
2.00247
2.00948
1.97
2.00804
2.00366
1.99
1.99888
1.99988
2.01431
2.00444
2.00542
1.99387
2.02319
2.00274
1.9922
2.00051
2.00552
2.0041
1.99433
1.99724
1.99948
2.01279
1.98444
2.01079
1.99823
1.99703
2.00541
1.99352
2.01385
2.00307
2.01309
1.99806
2.00436
1.99525
1.98498
2.00503
1.99481
1.99765
2.00224
1.99087
2.00962
2.00851
1.99039
2.00107
2.00906
2.01922
2.00405
2.00509
1.98894
2.00619
1.99324
1.98479
1.99414
1.99194
2.01613
2.01495
1.99484
1.9926
2.02513
1.99412
1.98898
1.99947
1.9934
2.01094
1.99841
1.99563
2.00841
2.00862
2.00563
2.01307
1.99667
2.00548
1.99802
2.00346
1.98833
1.99691
1.99079
2.00129
2.00018
2.00195
1.99762
1.98661
1.9932
1.98623
2.00369
1.99871
2.00619
1.98764
2.00328
2.0148
2.00714
1.9919
2.00278
2.00644
2.00373
1.99759
2.01052
2.00544
1.99598
2.00224
2.00731
2.00322
1.99676
2.00645
1.9859
2.00253
1.99327
2.01298
2.00417
1.99018
1.99878
1.99157
2.00175
2.01253
1.99294
1.99444
2.01055
2.00709
2.00285
1.99728
2.01029
2.00213
1.99792
1.99343
2.0126
2.00014
1.97853
1.97832
1.98419
2.00264
1.98833
2.01298
2.00398
1.98356
2.00378
2.01051
2.0136
2.0077
2.00953
2.00192
2.00482
1.9969
1.99003
1.99638
2.01078
2.01315
2.01228
1.98561
2.0187
2.02027
1.97272
1.99148
2.00145
1.99198
1.9917
1.99531
2.00734
2.01622
1.9975
1.99832
1.99167
2.00557
1.9972
1.98648
1.99927
2.00254
2.02121
2.00113
1.99801
2.00384
1.99956
1.99044
2.00769
2.00865
1.98782
2.00756
2.00354
2.00967
1.99097
2.01065
2.00295
2.01542
2.00369
2.00357
2.02171
2.00823
1.99641
1.99039
2.00074
1.99575
1.97458
1.98731
1.99687
2.00799
1.99954
2.00774
1.98831
1.99506
1.98734
1.97417
2.01047
2.00098
2.00393
2.00504
2.00869
1.98862
1.98832
1.98596
1.99584
2.01275
1.99634
1.98651
2.00595
1.98796
2.0099
1.9945
1.99649
2.01453
2.00183
1.99472
2.00129
2.00193
1.99166
2.00671
2.0048
1.99666
2.01049
1.99205
1.99932
2.00921
1.99156
2.00109
1.98489
2.00265
2.01094
1.98954
2.00807
1.99652
2.00026
1.99382
1.99836
2.01245
1.99623
1.98856
2.01013
2.0049
1.99829
1.99063
2.00392
1.99165
1.99645
2.00319
1.99844
1.99954
2.00247
2.00508
1.99875
2.00341
1.98387
1.99345
1.98727
1.98846
2.00017
1.99933
2.00626
2.00872
2.00616
2.01276
2.01534
2.01466
1.99418
2.01256
1.99642
2.01892
2.00533
2.0072
2.00504
1.99365
2.00384
1.98091
2.00236
2.00297
2.01653
2.00697
2.00911
1.99208
1.99794
1.99588
1.98641
2.00229
1.99027
2.00328
1.9958
2.01063
1.99445
2.00475
1.99356
1.99522
1.99219
2.00223
2.01188
2.00197
1.99264
2.01521
1.99766
2.00722
1.97847
2.00395
2.01222
1.99352
2.00498
2.00598
2.00505
1.96549
1.98958
2.00194
1.99488
1.98478
2.01117
1.98926
2.01576
2.00054
1.99626
2.00905
2.0074
2.00573
1.98907
1.99787
2.00207
1.98308
2.015
2.01513
1.99009
2.00049
1.99414
1.98763
2.00346
2.01009
1.99833
1.98122
2.00892
1.98787
2.0137
1.99463
1.99825
1.98691
1.99849
1.99996
1.99328
2.01813
1.99836
1.99474
2.00548
2.0108
2.00442
1.99675
1.98129
2.00612
1.99952
1.99805
1.99409
2.01048
1.99755
1.98965
1.98903
2.00529
1.99806
1.99547
2.00125
2.00135
1.97888
1.99284
2.01174
1.99328
1.99955
1.99947
2.00647
2.00112
1.99343
2.01043
2.0052
2.00574
2.00628
2.00769
2.00638
2.00007
1.98932
2.00897
2.00951
2.00559
2.00764
2.00077
2.00571
2.00836
1.99826
1.98291
1.99332
1.98831
1.98407
2.0003
1.98903
1.9848
2.0025
1.98345
1.97838
1.99855
1.97563
2.01689
1.99035
1.99902
1.99133
1.98453
2.00775
2.00878
1.99399
1.98486
2.00762
2.00243
2.012
1.98697
1.99376
2.0161
2.00166
2.01075
2.00352
2.00416
2.01299
1.99129
2.01515
2.0083
2.00074
2.00072
2.00722
2.00737
1.98034
2.01055
1.99503
1.99726
1.9927
1.98427
2.00793
1.995
2.00531
2.00676
1.99935
2.00829
2.00919
2.00889
1.97808
1.98496
2.00236
1.99673
2.00692
2.00849
2.01366
1.99243
2.0023
2.01671
2.01645
2.01329
2.01275
2.00042
1.99067
1.99589
1.98482
2.01608
1.98832
2.01638
1.99119
1.99326
2.01106
1.99414
1.99982
1.99663
2.00773
2.00145
2.004
1.99571
1.98767
1.98737
1.96848
1.9977
1.99842
2.02269
1.9796
2.00358
2.00387
1.9995
2.01128
2.00594
2.01182
1.99244
1.99333
2.00225
2.00285
1.99105
2.00317
2.00769
2.0142
1.9917
2.00775
1.98054
1.98381
2.00117
1.97973
2.00803
2.0039
2.00031
1.98269
2.00356
2.0103
1.99894
1.99894
1.98701
2.00494
1.99367
2.00379
2.00135
2.00467
2.00752
2.00728
1.99827
2.00436
1.99246
2.00921
2.00586
1.99113
1.99334
1.99656
1.99198
2.00345
2.00316
2.02085
2.02315
1.98999
1.98968
2.00052
2.02239
1.98337
1.98664
1.99894
2.00575
2.00281
1.99683
1.98614
1.99621
1.99983
1.98965
2.00299
2.0134
1.98064
2.01255
2.0066
2.02286
2.00586
2.01144
1.99801
2.00003
2.01775
2.00322
2.01246
1.98719
1.99062
2.00595
1.98519
2.01318
1.99161
2.00001
2.0046
2.00733
1.985
1.99699
1.98553
1.99805
1.99447
2.01219
1.98379
1.9882
2.01467
1.99925
1.99397
2.00216
2.01006
2.00705
2.02815
2.01084
2.00809
2.0109
1.99854
1.98017
2.00874
1.99801
1.99296
2.00392
2.0035
2.0081
1.99278
1.99209
2.0066
1.99862
2.00261
1.99865
2.00228
2.00025
2.01256
1.99558
1.99993
2.00351
2.01368
2.00793
1.99755
2.00548
2.00298
2.00629
1.99339
2.00078
1.99106
1.99515
2.00706
1.98463
1.99234
1.98875
2.00616
2.00043
2.00956
2.0087
2.01566
2.00405
1.98656
2.00221
1.98747
1.99721
1.99884
2.01345
2.00744
2.00242
1.99569
2.01238
1.99638
1.9989
2.00032
1.99259
1.98024
2.01772
1.97796
2.01433
2.00442
1.99327
1.99363
1.98628
2.01312
1.98906
2.0009
1.98392
1.99155
2.00794
1.99911
1.99463
2.00431
1.989
2.01012
2.01212
1.98046
1.99539
1.98991
1.98897
1.9881
1.99476
1.99874
1.98685
2.02271
2.01199
1.99387
2.00038
1.98653
1.98999
2.00427
2.01004
2.00537
1.99241
1.98971
2.00976
1.99615
1.99561
1.98996
2.00589
2.00142
2.00576
2.00855
2.00734
1.99005
1.99754
2.00707
2.00786
1.9831
2.00305
2.00392
2.01727
1.99765
2.00146
1.98281
1.98619
2.00532
2.0011
2.00712
1.99925
2.00658
2.01402
1.9966
1.99283
2.00072
1.99858
1.99947
2.00688
2.01542
1.98928
1.97784
2.00416
2.00976
1.99117
1.99739
2.00721
1.99143
1.97917
1.99859
1.98999
2.00328
1.99793
2.00936
1.99281
2.00772
2.00263
2.0058
1.99821
1.99975
2.01269
2.00867
2.01278
1.99961
2.00268
2.00513
1.99207
2.00153
2.00664
2.00133
2.01901
1.98496
2.00575
2.00198
1.99809
2.01321
1.98104
2.00789
2.00349
1.98463
1.9869
1.99934
1.98611
1.99059
2.02059
2.01219
2.01284
1.99208
2.01568
2.00512
1.99689
1.99493
1.9855
1.98155
1.99241
2.00085
2.00858
2.00241
1.99665
1.9914
2.01177
2.00443
2.00422
2.01439
2.00125
2.00729
1.99014
2.00138
1.98916
1.99092
2.01083
1.98567
2.00327
1.98909
1.99383
2.00897
2.01088
1.9909
1.99344
1.99012
2.01114
2.01179
2.00465
1.99578
1.99976
1.97928
2.01036
2.01344
2.01035
1.98711
2.00478
2.0019
1.99562
1.99795
1.99536
2.01905
2.00275
1.98795
2.0044
2.0004
2.00539
2.00421
2.01894
1.99982
1.99925
2.00214
1.99612
1.99752
2.00799
2.01809
1.99626
2.01109
2.02054
1.98804
1.99961
1.99132
2.00756
1.99733
1.99816
2.00632
2.01432
2.00933
2.00264
2.00179
2.02019
1.99823
2.00737
2.02313
1.99647
1.99338
2.00709
2.00351
2.00129
1.99793
2.01323
2.00551
2.00594
2.00872
1.97758
1.98447
1.99979
1.99858
2.00332
1.99737
2.0009
2.00613
1.99139
1.98517
2.00905
1.98596
2.01223
1.99527
1.99311
2.00139
1.99618
2.00758
1.99097
1.99954
2.00176
1.99751
2.00333
1.98427
1.99098
1.98418
1.98072
1.99946
2.00415
1.99929
2.00033
1.99497
1.97936
1.9889
1.99311
2.00461
2.00315
1.98061
2.00667
1.98617
1.99045
1.99235
2.00509
2.00912
2.00943
2.01318
1.99553
2.00117
2.00834
2.01457
1.9945
2.01139
1.96442
2.00213
2.00425
1.9994
1.99944
1.97749
2.01485
1.99071
1.99596
2.0086
1.99047
1.99521
2.00418
2.00971
1.98976
2.0084
2.0002
2.00389
1.99045
1.98866
2.00537
1.99078
1.99017
2.00865
2.01629
1.99792
2.00901
1.99757
1.99418
2.00937
1.98441
2.00805
1.99914
2.00177
1.99929
2.00661
1.99279
2.00753
1.99217
2.01346
1.99802
1.98037
2.00163
2.01616
1.99294
1.98999
2.00852
2.0054
1.99406
2.00544
1.99624
1.98687
1.98883
1.99491
2.02117
1.99838
1.99163
2.01112
2.00836
1.99925
1.99938
1.98627
2.01131
2.00398
1.98497
1.99766
2.00279
2.00728
1.99707
1.99204
2.0046
1.99488
1.99688
1.98744
2.00037
1.98309
2.01604
2.01723
2.0163
1.99962
2.00569
1.99362
1.98517
1.99205
1.9912
2.01372
2.01119
1.99591
1.9984
2.01695
1.99634
2.00503
1.99982
1.97982
1.98934
2.01458
1.9982
1.99857
1.99917
1.98913
1.99251
1.98341
1.99037
2.01269
2.00065
2.00376
2.01783
1.99499
1.9955
2.00165
2.00881
2.0132
1.98418
1.98611
1.9969
1.97969
2.00268
1.98426
2.00882
2.00159
1.99783
1.98361
1.99941
2.00102
1.99044
1.99379
2.0016
2.01189
2.01565
1.97386
2.00802
2.00193
1.99931
1.99412
1.97178
1.99589
1.98502
1.99991
2.00148
1.9922
2.00756
2.00013
1.989
2.0089
1.99908
2.01556
1.99965
1.99494
2.00455
2.01308
2.0028
1.9999
1.98774
2.00751
2.01744
2.00318
2.01114
2.01063
2.0106
1.98974
2.00531
1.99056
2.00907
1.99701
1.99431
1.98867
2.00217
2.00475
2.00874
2.01685
1.99874
1.97664
1.98892
1.99814
2.0009
1.9926
1.98602
2.01981
1.99513
2.02108
2.0011
1.98403
1.98864
1.99513
2.0071
2.00513
2.0003
1.99459
2.00079
1.99729
1.99064
1.99853
2.00231
1.99621
1.9993
1.99956
2.00887
2.011
1.99888
1.99718
1.98858
2.00367
2.00019
1.99361
2.01495
2.00399
2.01401
1.99305
2.00818
1.9942
2.0085
2.00818
2.00024
2.00645
2.00813
2.00171
1.99632
1.99417
1.99463
1.99941
2.00756
2.00008
2.001
1.9939
2.0039
1.99116
2.01134
1.99213
2.00208
2.02601
2.00526
1.99978
1.99405
1.99861
2.00541
1.98797
2.00017
2.0178
1.99759
2.01783
1.98683
2.00861
2.01268
1.99425
2.01646
2.00568
2.00153
1.9846
2.00219
2.00835
1.99151
1.9952
1.99579
1.99811
1.99862
2.00018
1.99669
2.0134
2.0058
2.0108
2.00128
2.00906
2.00389
1.98833
1.97652
1.98544
1.99967
1.98408
2.01153
2.02273
1.9992
1.99368
2.00743
1.99663
1.99837
1.98295
1.98633
2.00193
1.9903
1.98937
2.00011
2.01393
1.99275
2.0012
1.99998
1.98516
2.0021
1.99861
2.00678
1.99004
1.97769
1.99098
2.00406
1.9887
1.9984
2.00463
1.99366
2.01518
2.00239
1.99017
2.01208
2.01428
1.98069
1.9907
2.00804
2.00009
2.01703
2.00376
1.98413
2.01246
1.99486
2.00913
1.98937
2.01879
1.98719
1.99802
2.00018
1.99421
2.00424
1.99675
2.0023
2.00758
1.99996
2.00577
1.9839
2.00216
2.00222
1.98825
2.00552
1.98485
1.98645
1.99707
2.00239
2.01113
1.98716
1.98642
2.0038
1.99305
2.0079
2.00794
1.99815
2.00586
2.00325
2.00211
1.99326
2.01168
2.00716
2.00095
1.99376
2.00537
1.99043
1.99489
1.9896
1.99442
1.99342
2.00018
1.99789
1.99809
2.0004
2.00668
1.99705
1.98878
1.99511
1.98667
2.00419
2.0019
2.01656
2.01649
2.00469
1.99263
2.00884
2.01198
1.99034
2.00057
2.00983
1.98653
1.99284
2.01434
1.991
1.98922
1.99968
1.99522
2.01093
1.99419
2.00266
2.00711
2.01111
2.00279
1.99052
1.98808
2.00957
1.98506
1.99073
2.01004
1.99298
2.00375
2.00686
2.00285
1.99863
2.00513
1.99916
1.99347
2.00919
1.993
2.00358
2.01077
1.9984
2.00924
1.97663
1.98236
2.00214
1.99882
1.99939
1.99758
2.01501
2.01429
2.00367
2.00555
2.00594
1.99675
1.9853
1.99759
2.00029
2.00037
2.00123
2.00252
2.02181
1.99242
2.00676
1.98796
2.00462
2.00687
1.99147
1.99224
1.99275
2.00807
1.99224
1.99118
2.00693
2.00951
2.01193
2.0099
2.00446
1.98858
2.00785
2.01024
2.00652
1.98976
2.00036
2.01146
2.01197
2.00743
1.99613
1.99786
1.9937
2.01104
2.01318
2.00802
1.99844
2.00692
2.01295
2.01407
2.01288
2.00492
1.99875
2.01097
2.00724
2.00939
1.9827
2.00419
1.98954
2.01314
1.98741
2.02349
1.98363
2.00277
2.01112
2.00145
2.01317
1.98438
1.99806
1.99375
2.01211
1.99859
1.98934
2.00184
2.00212
2.00422
2.01021
1.98273
1.9886
1.99875
2.00838
2.01212
2.00549
2.0022
1.99674
2.01702
2.00647
1.99721
1.98539
2.01314
1.98179
2.00881
1.98718
2.00003
2.00219
2.01201
1.99981
1.97338
1.98267
2.0018
2.02017
2.01438
1.9938
1.98764
1.97938
2.0035
1.98456
1.99795
1.98024
1.99375
2.00816
2.00568
1.99678
2.01004
2.00932
1.99555
2.00349
1.98993
2.00134
1.99826
1.99016
2.00513
2.0018
1.98949
2.00008
2.01985
1.9995
2.0028
1.98092
2.008
1.98673
1.99223
2.00715
2.00156
1.98275
1.99872
2.00756
1.99275
2.00867
1.98671
2.00392
1.99167
2.00068
1.99902
1.98921
1.99044
1.99567
1.98796
1.99434
1.98772
1.99739
2.00018
2.00561
1.9966
2.01147
1.99281
1.98973
1.98838
1.98924
2.01259
1.99338
1.98886
1.98642
1.99717
1.99484
2.00146
2.01126
2.00682
2.02079
1.98889
1.99579
1.99685
2.0238
1.99127
1.99531
1.99825
1.99766
1.99102
2.00286
1.99357
1.99833
1.99806
2.0131
2.001
2.00115
2.0019
1.98992
1.99024
1.988
2.00334
1.99735
1.99579
1.9949
2.00719
2.00996
2.00565
1.99813
1.99476
1.99849
2.01131
1.99802
2.00128
2.01134
2.00503
2.01489
1.99317
2.01729
1.99019
2.00132
1.98771
1.98422
1.9858
2.01884
2.00065
1.99134
2.00105
2.01998
2.01187
2.01667
1.99159
1.98419
1.99511
2.01866
1.98957
2.01412
2.00006
2.00281
1.99385
1.99577
2.00859
1.99972
1.98706
2.00144
2.00407
2.00857
2.00309
2.01391
2.01039
1.98535
1.98938
2.01714
1.99916
2.00089
1.98069
1.99075
1.99201
2.01388
1.99318
2.01074
2.00444
2.02624
1.99985
1.99818
2.00102
1.97148
2.00474
2.00711
1.99479
2.00277
2.00552
1.98888
1.99797
1.9964
1.99908
1.99941
2.01654
2.002
2.01548
2.00632
1.99966
2.00551
2.00619
2.0195
1.98616
2.01106
2.00776
2.01266
2.0001
2.0223
2.01093
1.99086
2.00467
1.98215
1.99776
2.00567
1.98669
2.0028
2.01195
1.9877
1.98813
1.99265
2.01026
1.98203
1.99157
1.99987
1.99759
2.00759
1.98613
1.99729
2.00174
1.99397
2.01545
2.00111
1.99884
1.98451
1.99407
1.98113
1.99089
1.99326
1.97729
2.004
1.99414
1.99814
1.98212
1.99687
1.97808
2.00313
2.00186
2.00225
1.99784
2.00702
2.00105
1.99644
1.98628
2.00431
1.99346
2.0097
1.99144
1.98866
2.00502
2.0015
1.97998
2.01451
2.00952
2.0088
1.99633
2.00503
1.98466
1.99866
2.00034
1.9913
1.99957
1.99944
1.99941
2.00162
1.98966
2.00229
2.00219
1.98166
2.01112
1.99325
2.00319
1.99497
2.00074
1.98216
1.99071
2.01057
2.02033
1.98921
2.006
1.98723
2.00947
1.99346
1.99379
2.00487
2.00653
1.98759
2.01596
1.98594
2.00491
1.99644
2.00576
1.9964
1.99327
1.99832
2.01289
2.00095
2.00715
1.9912
1.98715
2.00957
2.01865
2.00347
1.99006
2.00643
1.98588
2.00637
1.99985
1.99109
2.00465
2.00479
1.99083
1.99766
2.00049
1.98522
2.00719
1.98974
2.00462
1.99558
1.99054
1.98777
1.99867
2.023
1.99406
1.98605
2.00714
1.99956
1.98827
1.99584
2.01243
2.00554
2.00593
2.00673
1.99932
2.01883
2.00367
1.98687
2.00035
1.99384
1.99727
2.00307
1.99149
1.99848
1.99574
1.996
1.99438
2.00356
2.00336
1.99848
1.99412
1.98958
1.99051
1.99604
1.9988
2.01022
1.99178
1.988
2.01908
1.99095
2.02793
1.99897
1.98923
1.98233
2.00471
1.99258
1.98594
2.00667
1.9855
1.99005
1.99319
2.01314
1.99869
2.00736
2.01122
2.01858
1.99091
1.98649
2.01102
2.01617
2.00144
2.00018
2.00597
2.00783
2.00638
1.99805
1.995
1.98711
1.99882
1.98741
1.99189
2.00854
1.99284
1.98934
2.00993
1.99475
2.00471
2.01883
2.00555
1.99419
1.98365
1.99094
2.00717
1.99245
1.99626
2.00105
1.99078
2.00103
2.01617
1.97831
2.01117
2.00848
1.98382
1.99352
2.01182
2.0059
2.00377
1.98718
2.00725
1.98722
1.99941
2.00061
1.99762
2.00642
1.99841
2.01423
2.00288
2.02577
1.98931
2.01305
1.99913
2.02135
1.99076
2.01068
2.00607
2.01172
2.02611
2.0082
2.00382
1.97875
2.00831
1.99963
2.01021
1.98431
2.00762
1.99465
2.00982
2.0024
1.9859
1.98777
2.00764
1.9947
2.00617
1.99306
2.01326
2.00668
2.01882
1.99995
2.01698
1.99511
2.00437
2.01301
1.98563
1.99113
2.00401
1.99758
1.99492
2.0065
1.98023
1.98189
2.00839
1.99581
1.99639
2.0161
1.98955
1.99665
1.9946
1.99429
2.00213
1.98343
2.00889
1.9899
2.00215
2.00119
1.9925
1.99305
1.99541
2.01983
1.99405
1.98999
1.99817
2.00581
2.00533
2.00745
2.00015
2.01354
2.00215
2.01965
1.99822
1.9939
1.99891
1.98833
1.98936
2.00012
2.02153
1.98401
1.99419
2.00417
1.99977
2.01169
2.00808
2.01763
2.01433
1.98571
2.00264
2.00944
1.99411
1.99505
2.0182
1.99164
1.99479
2.00027
1.99674
1.9978
1.99091
2.01708
2.01566
1.99032
2.00222
1.9829
2.01439
2.01561
2.00741
1.99757
1.99325
1.99626
1.99676
2.00007
2.0115
1.99756
2.0198
2.01055
1.99876
1.99395
1.99374
1.99975
2.01175
1.99394
2.01081
1.9973
2.00458
2.00467
1.99124
1.97992
1.99854
1.99939
1.99595
2.00392
2.00136
2.0035
1.997
1.97778
1.99901
1.99361
2.0006
2.00256
1.99365
2.01567
1.9933
1.99762
2.00649
2.00726
2.00959
1.98978
2.02409
2.00238
1.9869
1.98827
2.00786
2.00908
2.009
1.98807
2.00872
2.00453
1.98489
2.01452
1.99991
2.01014
1.99975
1.99108
1.99121
1.98607
2.00862
2.00309
2.01033
2.01447
2.00572
2.00101
2.00358
2.00498
1.99792
1.99873
2.00397
2.00274
2.00197
1.99989
2.01782
2.00497
1.99151
2.0007
1.99429
1.98921
2.00737
1.99779
2.00316
1.98415
2.00107
2.00715
2.00871
2.00198
2.00464
2.00565
2.00623
2.00456
2.00237
2.0012
2.00249
1.99053
1.99093
1.99627
1.99794
1.99662
2.00113
2.00337
2.01085
1.99949
2.00928
1.97813
2.00203
2.0095
1.99834
1.99775
1.99003
2.01459
1.98209
1.99731
2.00665
1.98432
1.99789
2.00937
2.00513
2.00433
1.99645
2.00503
1.9897
1.99655
1.99867
1.99097
1.98825
2.00554
2.00138
1.99634
1.98691
1.99931
2.01473
1.99827
1.9986
1.97476
2.007
1.9976
2.00975
2.00182
2.00508
2.00869
1.99727
2.00218
1.99281
2.00673
2.00848
2.00316
2.00456
1.9989
1.99734
2.00453
2.00341
2.00031
2.00827
2.00512
1.99594
1.99644
2.00685
2.01243
2.00323
1.98663
2.00562
1.9881
1.99184
1.99798
1.99255
1.99534
2.00797
2.0094
1.99662
2.00729
1.99625
2.00493
2.01408
1.99876
1.98546
2.01149
2.01079
2.02497
1.99328
1.99737
2.00025
2.00486
2.01627
1.99742
2.00975
2.00172
1.99845
2.00158
1.99389
2.01762
1.98421
1.99207
1.99727
1.98889
2.00345
1.99961
1.99498
2.00259
2.00811
1.99743
1.99714
2.01036
2.00865
2.00907
1.99441
2.01012
2.01456
1.99636
2.00179
2.00357
2.00382
1.98932
1.9934
1.98502
2.00556
1.99404
2.00296
2.01127
1.98923
1.98876
1.97646
1.9951
2.00383
2.00036
1.99034
1.97537
1.99373
1.99611
1.99709
1.99223
1.98245
1.99433
1.9948
2.00755
1.98899
2.008
1.99958
1.99585
1.99172
1.99578
2.01372
1.98821
2.00186
2.0038
1.99397
2.00309
2.00352
2.00132
1.99755
2.00802
2.0072
2.00561
2.00734
2.00261
1.98405
1.99779
1.98676
2.00954
2.00625
2.00119
2.01287
2.0005
1.99643
1.99025
1.98517
1.97447
1.98494
2.00564
2.00735
1.98837
2.01501
2.00796
2.00304
2.0131
1.993
1.97375
1.99195
1.99494
2.01388
2.00588
2.00743
2.00003
1.99925
2.01285
1.99618
2.01918
1.99598
1.97636
2.00804
2.00665
2.00949
2.01204
2.00151
2.00092
2.01079
2.00929
1.98117
2.00545
2.00981
1.99736
2.01787
2.01272
2.0176
2.00926
1.99859
2.00122
1.99017
2.00505
1.99495
2.009
2.00531
2.01817
1.99653
1.99491
2.01318
1.99943
1.99827
2.00201
1.99091
2.01115
2.00469
2.00612
1.99894
1.98989
1.98836
2.01398
1.99673
1.98769
1.99099
2.00679
1.98976
1.99683
2.00132
2.00043
1.9877
1.97766
2.00845
1.98703
2.00573
1.97458
2.00176
2.0276
1.99572
2.00677
2.0075
1.9898
2.00008
2.00063
2.00215
2.00337
2.01437
1.99841
2.00868
1.99705
2.02285
1.98416
2.00437
1.99039
2.01029
2.01086
2.02633
2.0143
1.999
1.99864
2.00327
1.99791
1.9977
1.9937
2.00542
2.03821
1.98467
2.00111
2.01828
2.00209
1.99122
2.00215
2.00665
1.99352
2.00946
2.00311
1.98886
2.00509
1.98717
1.98781
1.99818
1.99549
2.0018
2.00873
1.99198
1.99506
2.00329
2.01545
1.99847
2.00638
1.99783
1.99417
1.99603
2.00991
2.00313
2.00758
2.00823
2.00973
1.97843
1.98782
2
2.00341
2.00783
1.99905
1.98245
1.99595
2.0105
2.00202
1.99712
1.98961
2.00675
1.99595
2.00993
1.99801
1.98906
1.97907
2.02135
1.98044
2.00154
1.99719
1.99817
2.00174
1.99986
2.00239
2.00283
1.99447
2.00543
1.99078
2.00605
1.9931
1.99903
1.99649
1.99905
1.99219
1.99781
2.00912
2.00799
1.99091
1.99898
1.99264
2.00847
1.99885
2.004
1.99875
2.00823
1.99498
1.99721
1.96718
2.00822
1.99909
1.99451
2.01128
1.99085
1.98615
2.01504
2.0267
1.98651
1.99918
2.01
2.01173
2.00366
2.00083
1.99315
1.98358
1.9932
1.97675
2.0072
1.9887
1.9903
2.00343
2.00539
1.9979
2.00775
1.982
1.99867
2.00951
1.99071
1.98486
1.98082
2.00065
1.99638
2.01057
1.99466
1.99964
1.98365
2.00768
1.99322
1.99677
1.99014
2.00069
2.00265
2.00151
1.99903
1.99977
2.01423
2.01414
2.0132
1.99135
2.00005
1.99324
1.99507
2.00831
2.00437
2.00789
1.98692
1.97881
2.00199
2.0017
1.99336
2.00537
1.98087
1.99355
1.98713
2.01063
1.99195
2.01108
1.97136
2.00852
1.99722
1.9854
1.99997
1.99457
1.99614
1.988
1.99804
2.00237
2.00254
2.01134
1.99607
1.97996
1.99387
1.99589
2.00159
1.98904
2.00203
2.00716
1.99776
2.01087
2.00267
2.0042
1.98263
1.99125
1.99731
1.98999
1.99417
2.00202
1.98657
1.99701
2.00307
2.0053
1.98334
2.00661
2.00075
1.99731
1.99061
1.99918
2.00124
2.00082
1.99724
1.99431
1.99152
2.00708
2.01018
2.00014
1.99658
1.99436
2.00409
1.99783
1.98438
2.01376
2.00255
2.00768
1.99024
1.99485
1.99231
2.00182
1.98745
2.00995
1.99879
1.9983
1.98459
2.01374
2.00254
1.99899
1.99735
1.99817
2.00088
1.9932
1.99268
2.0192
2.0095
2.00962
2.00672
2.00357
1.99726
2.00563
1.9998
2.00018
2.00337
2.00294
2.00064
2.01235
2.00614
2.00578
2.00636
1.99526
1.99272
2.00214
2.00591
2.00281
1.99024
2.02018
1.99366
1.98959
2.01553
2.00799
1.99075
1.99696
1.99584
1.99405
2.02061
2.00457
2.00287
2.00257
2.00704
2.01313
1.98259
1.99663
1.99924
1.99629
1.99289
1.99905
1.97988
1.9895
1.99887
1.99577
1.99521
2.02025
1.98418
2.00863
1.98614
2.00514
2.00194
2.00522
1.9989
1.99911
1.99214
1.99508
2.01435
2.00742
2.0071
1.99846
1.99691
2.00301
2.00763
1.98731
2.00712
1.99577
2.01264
1.98818
1.99553
1.99721
2.01465
2.0074
1.98675
2.00086
1.98968
2.00494
1.99206
2.00059
1.99731
2.00159
1.9938
2.00556
2.02592
2.00089
1.99067
1.9877
2.00511
1.99531
1.98134
1.98617
2.00891
2.00304
2.00646
1.99603
1.99534
1.99764
2.00353
2.00296
1.99427
2.01123
1.99829
1.99377
1.9981
2.0099
2.01562
1.99699
1.98594
2.01255
2.00398
1.99741
1.9883
1.99168
2.00166
2.01004
1.99313
1.99859
2.01332
1.99643
2.00807
2.00415
1.98488
2.00252
2.00419
2.00854
2.00792
2.01068
1.99722
2.0003
2.01156
1.99794
2.01207
2.00632
1.98724
1.98408
2.00971
1.99313
1.98985
2.00301
1.99957
1.99503
2.00155
2.00083
2.00346
2.00535
2.00364
1.99688
2.00653
1.993
1.98498
1.98669
1.99458
2.01636
1.9907
2.01435
2.00199
1.99886
2.00453
2.01285
1.98455
1.98903
1.99076
2.00353
1.98102
2.01256
2.01003
1.99099
2.00724
1.99109
2
1.98026
1.99558
1.99141
1.98568
2.00642
1.99979
2.00173
1.9715
2.01768
1.99511
1.9934
1.99082
2.01166
2.00051
1.9982
1.98018
1.98574
1.999
2.00046
2.01475
2.01016
1.99923
2.00068
1.997
2.01081
2.00864
2.0151
2.00276
2.00595
1.98332
1.99597
2.0182
2.00562
1.986
2.00919
2.00642
2.00341
2.01839
1.99337
2.00094
2.00303
2.00853
2.02143
1.98978
1.99547
2.00679
1.99208
1.97798
1.98565
2.00785
1.98741
2.0131
2.0019
2.0207
2.01418
1.99215
1.9943
2.01793
1.98544
1.99043
2.00587
2.00935
2.00553
1.9968
2.00199
1.96905
1.99238
1.9908
1.98839
1.98798
2.00333
2.00053
1.98856
1.9935
1.98926
1.98745
1.98302
1.98856
1.98849
2.0065
2.00192
2.00185
2.00654
1.99204
1.99337
1.99423
2.00914
1.9996
2.00043
2.00365
1.99505
2.00683
2.01382
1.99559
2.00028
2.01773
2.00224
1.98271
2.00095
1.9883
2.00116
2.01576
2.01446
1.99857
1.99278
2.00503
1.9804
2.00258
1.98478
2.0229
2.00168
2.01806
1.98653
2.01347
2.01217
1.99147
1.99182
1.9972
1.98639
2.00294
1.99529
1.99971
2.00111
2.00159
2.00375
2.0011
2.01799
1.99837
1.98972
1.99797
2.01881
2.00528
1.9848
1.99597
2.00637
1.99454
1.99803
2.01372
2.01696
2.0055
2.00913
1.99749
2.01444
2.00778
2.01498
1.99265
1.97988
1.99367
1.98524
2.00954
2.00016
1.99384
2.00585
2.00768
1.987
1.99843
1.99784
2.00251
1.99086
1.98231
1.98874
1.98915
1.99354
1.98337
1.98413
2.01324
2.01587
2.00051
1.99544
1.99743
1.99964
2.025
1.99848
1.99053
2.00402
2.00074
1.98114
1.99
1.99772
2.0029
1.99337
1.99505
2.0024
2.00422
2.01282
2.00931
1.99272
2.00498
2.00612
1.99301
1.99375
2.01217
2.00275
1.99176
1.99244
2.00035
1.99744
2.02146
1.99246
2.0057
1.99193
1.98796
1.98903
2.01114
1.99296
2.00564
1.97838
2.00922
2.00566
1.99255
2.00027
2.00035
1.99545
1.98969
1.99514
2.0062
1.97806
2.02363
2.01536
1.98934
2.01064
1.99303
1.98255
1.99771
2.02088
2.01576
2.00604
1.99115
2.0015
1.99951
1.98868
1.98245
1.99495
2.00992
1.99557
1.98122
2.00683
2.00357
2.01745
2.01128
2.00882
1.993
1.99399
2.01872
2.01325
2.00739
1.99254
2.0021
1.98805
1.99108
2.00389
1.99502
1.98272
2.00833
2.01177
1.99785
2.00019
2.00346
2.01506
1.99512
1.97952
1.99394
2.00824
1.99964
2.0116
1.99314
1.99811
2.00263
2.01515
2.01084
2.00924
2.00438
1.99592
2.00329
2.02293
2.01482
1.99792
1.99247
2.00004
1.99756
1.99851
2.00919
1.9928
1.98877
2.01006
2.00808
2.00662
2.01253
2.00143
1.99786
1.9822
1.99277
2.01674
2.01568
2.00255
2.003
2.00659
2.00526
2.00771
2.00643
2.00013
1.99388
1.99214
2.00576
2.00542
1.9894
1.99169
1.99633
1.9656
2.00068
1.99797
2.00119
2.00539
2.00111
1.99824
2.00218
2.01322
1.99579
2.0002
2.00214
1.98944
1.98317
1.98166
2.01138
2.00304
1.99903
2.0075
2.01549
1.99061
2.01233
2.01666
2.01006
1.99956
1.99419
1.99824
1.99378
2.02248
2.00797
2.0038
1.98994
1.9937
2.00093
2.0034
2
1.99531
2.00883
1.99486
1.99698
2.00444
1.99551
1.97944
1.98738
1.99371
1.99521
1.99786
1.99467
2.01521
1.99513
1.99053
1.99622
2.00417
1.99667
1.99828
2.02995
1.98617
2.00229
2.01638
2.00466
1.99396
2.00113
2.00628
2.0097
1.99879
1.98717
2.0082
2.00635
1.99235
1.9995
1.98555
2.01108
2.0027
2.02002
1.98624
2.01328
2.0062
2.00426
2.00879
1.99429
2.00827
1.99724
1.99723
2.00381
1.99507
2.00887
1.99915
1.98499
2.00758
1.99384
1.99065
1.99604
1.99091
1.99211
1.99191
1.99897
1.99649
2.00962
2.00719
1.99519
1.98316
1.99287
2.00387
1.99814
1.99758
2.00425
2.00591
2.01033
1.98553
1.99017
2.00373
2.00303
1.98746
1.99279
1.9988
2.01119
2.00519
2.01683
1.98323
1.98347
1.97583
1.99335
1.97787
2.0019
2.00737
1.98876
1.99329
1.99925
2.00212
1.98686
2.00693
2.00192
2.01029
2.00627
1.98796
2.00233
2.00452
1.9951
2.00816
1.98883
2.00014
2.00967
2.00342
2.01668
1.98645
2.00036
1.99044
2.00476
2.00876
1.99221
1.99629
1.98627
1.98667
2.00794
1.99992
2.02065
1.99835
1.99142
2.00241
2.0013
1.99456
2.0181
1.99687
1.99974
2.02111
1.99252
2.00411
2.00018
1.99987
1.99426
2.0141
1.99508
2.00865
2.00955
1.98739
1.9949
1.99555
1.99472
1.99572
1.98835
1.99084
2.00623
2.01265
2.01816
1.99785
2.01475
2.00129
1.99025
2.00187
1.98655
2.02105
2.00757
1.99372
1.998
2.0018
1.9852
1.99124
1.99003
1.99512
1.99311
2.0052
1.99735
2.00249
2.01044
1.99014
2.00945
1.99589
1.99224
1.99816
1.99223
1.99962
1.98486
1.96916
1.99664
1.99016
1.98769
2.00634
1.98717
1.99654
1.99997
2.00333
2.00086
2.00845
1.99395
1.99635
1.99284
1.98356
1.99524
1.99428
1.99686
2.00191
1.98259
2.01368
2.00211
1.98911
1.99557
2.01094
1.99883
2.00478
2.00867
1.97678
2.00735
1.98886
1.99356
2.00805
2.01448
1.98814
2.00361
2.02241
1.99694
1.99371
2.00448
2.00294
1.99753
1.9939
1.99547
1.9975
2.01068
2.00979
1.99074
1.99251
2.00755
2.00624
1.9803
1.99939
2.00594
1.99517
1.99661
2.01664
1.99016
1.99155
2.01148
1.98798
1.9941
2.00856
1.99272
2.01071
2.00939
1.99371
2.00702
2.00438
1.99566
1.99265
2.00845
2.01468
1.99313
2.00162
2.00325
2.00947
2.01476
1.99423
2.00976
1.99384
2.00429
1.98019
2.00115
1.98215
2.00918
2.00366
2.00457
1.99453
1.99267
1.9947
1.9891
2.00165
1.99939
1.99923
2.01831
1.98847
1.98934
1.99706
1.99322
2.01418
2.0143
1.99258
2.00164
2.00179
1.99182
2.01261
1.97845
2.0051
2.00325
1.98314
2.00797
2.00187
1.9974
1.99694
2.00489
1.99451
1.98952
1.99041
1.99133
1.99735
2.00009
2.01152
2.00181
1.99471
2.00128
1.99663
2.00449
2.00136
2.00387
2.00409
2.00014
1.99599
1.98823
2.00174
2.01409
2.00088
2.01062
1.99555
1.98404
1.97915
2.01067
1.99046
2.00435
1.98809
1.99021
2.01138
2.00387
1.99888
2.00076
2.00434
1.99478
2.01703
2.00691
1.99768
2.00323
1.99326
2.00794
1.99347
2.01891
1.98779
2.00317
2.00322
2.0057
1.98509
1.98855
1.99918
1.99926
2.00916
2.01183
1.97892
1.9967
1.98556
2.00492
2.01299
2.00126
1.99555
1.98147
2.00699
2.00555
2.00809
2.0024
2.00431
1.98104
1.99895
1.99694
2.00562
2.01236
2.0008
1.99007
2.00105
2.00771
1.98885
1.99201
1.99396
2.00194
1.98776
1.98783
2.00559
2.01343
1.98892
2.00212
1.9886
1.99858
2.01034
2.00451
2.02076
2.00986
1.99884
1.98218
2.00955
2.00648
1.99021
1.99163
1.98735
1.99857
2.01168
1.99076
2.01919
2.01097
1.99088
1.99318
2.01156
2.00788
1.98546
2.00218
1.99828
2.00137
2.00585
1.99793
2.00053
2.00341
1.99124
2.0352
2.00379
1.98512
2.00917
1.9974
2.00527
2.00188
1.99718
2.00001
2.01212
2.00166
2.00294
2.01764
2.01527
2.02739
2.00353
1.99785
1.99733
2.00723
2.0094
1.99213
1.99076
1.98528
2.00065
2.00126
1.98938
1.99704
2.01811
1.98501
1.96826
1.982
2.02167
2.01099
1.99758
2.00129
2.00578
1.98601
2.00153
2.00058
2.00114
1.99098
2.00542
2.00792
1.99755
2.01369
1.98448
2.00071
1.9987
1.98814
2.00502
1.99712
2.00282
2.00215
1.98928
1.98756
2.00286
2.00325
1.99347
2.02362
1.99938
2.01181
1.99188
1.99719
2.00298
1.99053
2.00634
2.00292
2.00119
2.00583
2.00302
1.99567
2.00207
1.99713
2.01744
2.00472
1.98749
2.02816
1.98494
2.00475
1.99681
1.99353
1.99209
2.01207
2.00432
2.01368
2.00626
1.99426
2.00379
2.009
1.99648
2.00814
2.00696
1.99973
2.00108
1.9999
1.99395
1.9916
2.01682
1.99389
2.00737
2.00652
2.00533
2.02089
2.01103
2.00919
2.00266
1.99098
2.00682
2.00383
2.00541
1.99952
2.01066
2.00114
1.99047
1.98317
1.98628
2.00576
1.99124
2.00686
1.99197
2.0093
2.01874
2.00013
1.99207
1.99619
2.00262
1.97719
2.00928
2.00731
1.97945
2.00927
2.00255
2.00963
1.98982
2.00862
1.99914
2.01044
2.00688
1.9852
2.00103
1.98515
2.01705
2.01039
1.99139
2.00426
1.99754
1.9995
1.98715
1.99773
1.98364
2.01555
1.98922
2.00471
2.01397
2.01108
2.0006
1.98016
1.98671
2.02037
2.00557
1.99494
1.99112
1.9988
2.00154
2.00274
2.00791
2.00852
1.99475
2.01707
2.00905
1.9865
1.99215
2.00831
2.00614
1.99931
1.99362
1.99601
2.00076
1.9978
2.00262
1.99666
2.00299
1.98759
1.996
1.99579
1.99956
2.00981
1.99423
2.00272
2.00176
1.98005
1.9945
2.00115
1.99402
2.00368
2.01033
1.99498
2.00494
1.98922
2.02136
2.00166
1.99519
2.00456
2.00723
2.00863
2.0192
1.9736
2.00282
1.9997
1.99372
1.99457
1.99566
1.99782
1.99569
1.99546
1.99384
1.99603
2.00895
2.00296
2.01035
2.00365
1.98403
2.00914
2.01069
2.01258
2.01581
2.01286
2.00241
1.992
2.01445
2.00529
1.99683
1.99147
1.98864
2.00999
1.99808
1.99647
2.00488
1.99103
1.9963
2.0169
1.98232
2.00569
1.99867
2.00032
1.99913
2.02802
2.00696
1.99579
1.99243
2.00492
2.00297
2.00596
2.01369
1.99448
2.00856
2.0041
1.9881
2.02101
1.99294
2.00264
1.99203
2.00101
1.99397
1.99379
1.98301
1.99603
1.99083
2.01445
2.01654
2.00679
2.01865
2.00026
1.99379
1.99675
1.97569
1.99675
2.01232
1.99106
2.01979
2.01597
1.98213
2.02565
1.99574
2.00272
2.00382
2.00072
1.99798
1.98075
1.99717
2.01037
1.99134
1.99298
2.00217
2.01352
1.98834
2.00243
1.99693
2.01646
2.00006
1.9988
2.00039
2.01209
1.9886
2.01442
2.01416
2.01474
1.99148
2.00081
2.00348
2.01303
2.00267
2.0067
1.99387
2.01248
2.00024
1.98819
1.98653
2.01139
2.01051
2.00753
1.99727
2.00185
1.99674
2.00903
1.99959
2.00315
1.98909
1.99193
1.99523
1.97824
1.99788
2.00794
2.00219
1.9895
2.01719
1.99674
2.00122
1.99834
2.00216
2.00736
1.99664
2.00688
1.9994
2.01842
2.00678
2.00634
2.00767
2.01343
1.97129
1.98232
2.00248
1.99937
1.99067
1.99295
1.99537
1.99099
2.01673
1.99788
2.00637
2.00886
2.00875
2.00325
2.00792
1.98841
2.00387
2.01324
1.98299
2.00497
1.98962
2.00438
2.00336
2.012
1.98837
1.98875
1.99666
2.00601
1.99162
2.0025
2.00582
1.98014
2.00632
1.99911
2.00313
2.00993
2.00464
2.00005
1.97677
1.99277
1.98247
2.0029
2.00241
1.9965
2.00905
2.00025
1.98975
2.00271
2.00917
1.99494
2.00546
2.00533
1.9961
2.00741
2.01428
1.99425
2.01199
1.98602
2.00546
2.00559
1.98166
2.00047
1.98989
1.9882
2.01157
2.00253
1.9988
1.98425
2.02149
1.99332
1.98583
2.01
2.00501
1.99938
1.99054
1.99988
1.99973
2.01284
1.99641
1.99535
1.98953
1.98734
1.99832
1.99322
2.00675
2.00798
2.01006
1.99231
1.99644
1.9994
1.98664
1.98394
1.99265
1.99183
1.99105
2.00216
1.98818
2.0074
1.99046
1.99734
2.00893
1.99925
1.9984
2.01033
1.99725
1.9886
1.97965
1.99757
2.00082
2.00565
1.99234
2.00711
1.9981
1.997
2.02025
1.9947
2.01174
1.99652
1.99329
1.99296
1.99267
2.02287
2.00154
2.01971
2.0063
1.98891
2.00614
1.9954
2.00679
2.00549
1.99783
2.01714
2.02154
1.98925
1.98816
1.99567
2.01307
2.00104
1.98476
1.99805
1.99609
1.98775
2.00417
2.0113
2.00154
2.01836
1.99638
2.00713
2.00331
2.00576
2.00545
1.99401
2.00407
2.00181
1.99119
1.99235
2.00768
1.99625
1.99879
1.99668
1.99479
1.99633
1.98957
2.00063
2.00103
2.0156
1.99338
1.99248
1.99708
2.00036
1.987
2.01131
1.99538
2.01309
2.00973
2.00468
1.98074
1.99522
1.98942
1.9969
1.98413
1.9902
2.01905
1.99974
2.01414
2.00453
2.00659
1.99827
1.99559
1.99798
2.01551
1.98827
1.99602
1.98914
2.01496
1.99118
2.00114
1.98602
2.00418
2.01625
2.00386
2.01448
2.00315
2.00945
1.9896
1.99845
2.0039
2.01995
1.99044
2.01098
1.99783
1.99577
1.99043
2.00078
2.00704
1.99006
2.0117
2.01913
2.02024
1.99129
1.99378
1.99671
1.98606
2.00359
2.01015
2.00233
1.98472
2.00674
2.01136
2.01112
1.99714
1.99666
2.00749
2.00417
2.00288
2.01409
1.99133
2.00056
2.00669
1.9993
2.00143
1.99294
2.00531
2.0044
1.99556
1.98272
2.00004
1.99535
1.98977
1.99514
2.00458
1.99793
1.99801
1.98954
2.00569
2.00291
2.00459
2.01178
1.97994
2.00051
1.99675
2.00818
2.00732
1.99864
1.9967
2.00399
2.00295
1.98945
2.00592
1.99038
1.9767
2.00741
1.99084
1.99674
1.99741
1.99985
2.00303
1.99001
2.00094
2.01409
1.98483
1.98194
1.9988
1.98931
1.99834
1.98611
2.00986
1.99745
1.98167
1.98541
1.98894
2.00333
2.00953
1.9956
2.00547
2.02157
2.00641
1.98818
2.00966
2.02186
1.98505
1.98315
2.00669
1.99214
2.00027
1.99818
2.00944
2.00487
2.00843
2.01038
1.99213
2.01279
2.00954
1.98874
2.01182
2.00304
2.00101
1.99343
1.98908
2.00493
2.00184
2.02869
1.99709
2.00024
1.99533
2.00039
1.99574
1.99606
2.01002
2.00256
1.99843
1.98707
2.00709
2.01249
1.99599
2.01313
2.01
2.00759
1.99788
1.98734
2.00166
1.99629
1.98207
2.00944
1.99086
2.00731
1.99865
2.00814
1.98955
2.00732
2.01098
2.00493
1.98373
2.00583
2.00788
2.00109
1.99997
1.99784
2.0063
1.99825
2.00513
1.99204
1.99696
1.99298
1.99293
1.99868
2.00384
2.00462
1.99734
2.00641
2.00092
2.01368
2.00187
1.97539
1.99291
1.99337
1.99096
2.01375
1.99119
1.97954
2.00414
2.00234
1.99851
1.98381
1.99506
1.99819
2.00504
2.00614
1.99243
1.99983
2.00311
2.00273
2.00397
1.97903
1.9893
2.00218
2.00655
1.98855
1.98883
2.02329
1.98768
2.00317
1.98837
2.01305
1.99397
1.99247
1.99573
2.00004
1.99373
2.00433
1.9977
2.00268
1.99968
1.99153
1.98447
1.99504
1.98804
2.00213
2.00362
1.99668
2.01032
1.99491
2.0014
1.9963
2.0042
1.98878
1.99712
1.99768
1.99006
1.99203
2.00249
2.01405
2.00023
2.01625
2.00395
1.98232
2.00453
2.02321
2.0012
2.01853
1.99774
1.99516
2.00721
2.00075
1.99412
1.97928
2.00235
2.00524
2.00007
1.97839
2.00851
2.00236
1.99526
1.99976
1.99798
1.99508
1.99508
2.00969
2.00401
2.00241
1.99389
1.99499
1.99541
1.9999
2.00158
1.99701
1.99554
2.00056
1.99454
2.00218
1.99205
1.9959
2.00407
1.99971
1.99292
1.99833
1.99507
2.00918
2.0077
1.99315
1.99367
1.99169
2.00742
2.00454
1.99342
1.99001
2.0032
1.99959
2.00546
1.99634
1.98138
2.00137
1.9957
1.98501
1.98985
2.01969
1.99845
2.01058
1.99511
2.0022
1.98834
1.99181
2.00349
2.00501
1.99186
1.99789
2.01137
2.01612
2.00264
2.02242
2.00111
1.99783
1.99092
2.00963
2.00468
1.98211
1.98711
1.99427
1.99728
1.98642
2.01337
1.97947
2.01166
2.01183
1.99736
1.98661
1.99767
2.00005
2.0108
1.99939
1.99784
2.00997
1.99291
1.998
1.99894
1.98224
1.99603
1.99945
2.00764
1.98925
2.00115
2.00804
2.00519
2.01538
1.99066
2.02546
2.00881
1.99124
2.00152
2.00095
2.01938
1.99368
1.99501
1.99938
1.98176
2.01292
2.00086
2.00619
2.01115
1.99836
1.98961
1.99873
1.99919
2.00437
1.98225
1.99478
1.99207
2.00229
2.00018
1.99774
2.01641
1.99577
2.00841
2.0013
1.98504
2.01455
2.00736
1.99075
2.00341
1.9881
1.99935
1.99143
2.02371
1.97817
1.98394
2.00456
1.99495
1.99644
2.00195
2.00794
2.00802
1.99582
2.01409
1.99396
2.00116
1.99809
2.00308
2.00931
1.99631
1.999
2.00549
1.99926
2.00228
1.99256
1.99691
2.01204
1.99987
1.99721
2.01229
2.00887
1.99382
1.99239
2.00455
2.00067
1.9941
2.01466
2.00918
2.0007
2.00857
1.99986
1.97748
2.00939
2.00805
2.00401
1.99065
2.00299
1.98086
1.98709
2.00284
2.00891
2.00987
2.00009
1.99774
2.00187
2.00262
2.01676
1.99806
2.00276
2.00781
1.99191
1.99416
1.99916
2.00487
1.9911
1.99752
1.99523
2.00018
2.00286
2.00969
1.99855
1.99593
2.00811
1.99512
2.00954
1.99845
1.98999
1.99876
2.00628
1.98653
2.00661
1.99103
1.99393
2.00723
1.97756
2.00502
2.00392
2.0009
1.9825
1.99824
2.00923
1.99319
2.00553
2.01015
1.9954
1.99279
2.01087
2.00303
1.9916
1.98606
2.01382
1.98969
2.00846
1.98141
2.00557
1.9996
2.00519
2.00237
1.99843
1.9874
1.98745
2.00652
1.98702
1.99199
1.99414
1.99248
1.9918
2.01406
2.01533
1.99708
1.99788
1.99264
2.0055
1.98494
2.00947
2.01574
1.98256
2.00357
2.0108
2.00476
1.99117
2.01079
2.00324
2.00207
1.99525
2.00089
1.9937
1.98927
2.00064
2.01266
1.99232
2.00552
2.0077
1.98941
2.01013
1.99674
1.98712
2.00379
2.00518
2.00052
2.00048
2.00567
2.01284
2.00005
2.00006
2.00574
2.00249
2.00859
1.99327
1.99481
2.02073
2.00035
1.98475
1.99732
1.99477
2.00077
1.99052
1.99203
2.00016
2.01445
1.99881
2.00123
1.99793
1.98824
2.00617
1.99634
2.00048
1.99968
2.00368
2.00247
1.97696
1.99562
1.98648
2.01323
1.99537
1.99264
2.00263
1.99154
2.00021
1.99388
1.98696
1.9938
2.00672
2.00972
1.99486
1.99737
1.99475
1.99225
1.98854
2.00991
2.00901
1.98771
2.0164
2.00084
2.01549
1.98411
2.01287
2.00651
1.99307
2.00996
1.98145
1.98398
1.99636
1.97058
1.98869
2.00791
1.99459
1.99059
1.9961
2.00741
1.98823
2.00141
1.99566
1.99415
1.99717
2.01227
1.99721
2.00461
2.00051
2.0018
1.99635
1.9992
1.99535
1.98912
1.99303
1.99405
1.9936
1.97841
1.98546
1.99688
2.02583
2.00519
2.01993
1.99657
2.00036
1.99204
1.99403
1.99309
1.99512
1.9994
2.00585
1.987
2.00914
1.98657
1.99956
1.99668
1.99312
2.01444
2.0012
1.98882
1.97986
2.00312
1.99304
2.00605
2.01606
2.00853
1.98925
1.9901
2.00465
1.99999
1.99009
1.9943
1.99786
1.99747
1.99995
1.9972
2.00421
2.00648
1.99937
1.9917
1.98792
2.0251
2.00605
1.99022
2.0035
2.01891
2.00912
1.98983
1.99659
1.9921
1.99862
1.99382
2.02288
1.99877
1.992
1.99158
2.00117
1.99459
1.99542
2.01208
1.99334
2.01414
2.00132
2.01352
1.99309
1.99189
1.98512
1.99728
1.98939
2.01064
1.99709
1.99898
1.99709
1.99457
1.98454
1.99996
1.99329
1.99761
2.00437
1.99133
2.00715
2.00728
1.99721
1.99507
2.01276
1.99182
1.97854
2.01053
2.00644
2.01253
1.99356
1.99189
1.99496
2.00358
1.97906
1.9977
1.98391
1.99154
1.98585
1.9909
2.00877
2.00611
2.00266
2.00389
2.00198
1.98835
2.01097
1.99267
2.0072
2.00992
1.99264
2.01125
1.99302
1.99966
1.99339
2.01629
2.00591
1.99997
1.99549
2.00148
1.98276
2.00382
1.98836
2.00906
2.01232
2.00853
2.00337
1.98727
1.9884
2.016
1.99508
1.99235
2.00403
2.00078
1.99909
2.01937
2.00425
2.01531
1.9962
2.00451
1.97854
2.01294
1.99823
2.00929
1.98705
2.00435
2.00007
1.99958
2.0033
1.9945
2.01213
2.00492
2.00034
1.99222
2.0009
2.00412
1.98893
2.00519
1.99357
1.99303
1.99387
1.99539
1.99283
2.01439
2.01656
2.00801
2.01929
2.00283
1.99391
2.01705
2.00777
2.00764
1.99344
2.01287
1.99254
2.00785
2.00677
2.0056
2.00729
1.98453
1.9965
1.99993
1.98929
2.00756
2.00814
2.00825
2.00748
2.00354
2.00423
1.99147
2.00528
2.00425
1.99946
2.00817
2.00591
1.99536
1.99417
2.00061
1.99878
2.00013
2.01042
1.99984
2.00455
2.00355
2.00357
1.99047
1.99699
1.98856
2.00747
1.98912
2.0014
2.02027
2.00235
2.00111
1.99508
1.99466
2.00602
1.97955
1.99165
1.99942
2.01423
1.99983
2.00582
1.98952
2.00323
1.98811
2.00136
1.99296
1.988
1.99281
2.00075
1.99851
1.98654
1.99926
2.00227
1.99494
2.00569
1.98416
1.98677
2.01528
1.98532
1.98872
1.99721
1.99931
1.99269
2.00005
1.97609
1.98787
2.01498
2.0071
1.99584
2.00185
1.98529
1.9947
2.00056
1.99972
2.00463
1.99788
2.00372
1.99685
2.00992
2.00507
1.97994
1.99921
2.0031
2.00066
2.00816
1.9925
1.99637
2.0098
1.99701
1.99586
1.98559
2.01539
1.98348
2.0022
1.9997
1.99052
2.00259
2.00496
1.99498
1.99635
1.98446
2.01634
1.9947
1.98278
2.02735
1.99542
1.99625
1.99756
2.00222
2.00588
1.99911
2.009
1.9935
2.00081
1.99254
2.00049
1.98231
2.00252
1.99666
1.99346
1.99929
2.00884
2.01414
2.00915
2.00386
2.01201
1.98889
2.01013
1.99995
1.99154
1.98881
1.99637
2.00058
2.01675
1.99504
2.00988
1.98767
1.99308
1.9986
2.01157
1.98928
2.0104
2.00075
2.00203
1.9921
1.99375
2.00659
1.99933
2.01822
2.00262
1.97521
2.00963
1.99482
1.99789
1.98778
1.99295
2.00176
2.00329
1.99921
1.99937
2.00411
1.98584
2.00517
1.99279
2.00204
1.99364
2.00062
2.00957
2.00026
1.99339
1.98567
1.9944
1.98387
1.99048
2.01338
2.00628
2.00642
2.00632
2.00943
2.0068
1.99786
1.9972
1.9873
1.99081
1.99601
1.99321
2.01662
2.00702
1.98853
1.997
2.00307
2.00308
2.01237
2.01028
1.99263
2.01497
2.00573
2.01335
1.99515
2.00323
2.00515
2.00249
1.99996
2.00637
1.99032
1.9924
1.98971
2.00525
1.99699
2.00056
1.99893
2.00571
2.01305
1.99576
2.01099
1.99743
2.00793
1.97967
1.98955
2.00297
2.00811
2.00902
1.99914
2.00862
2.00732
2.00698
2.00611
2.02242
2.01349
2.00697
1.99329
2.00178
1.98983
1.99624
2.01443
2.00417
2.01497
1.98871
1.99675
2.00343
1.97712
2.02378
1.98557
2.0016
1.99504
2.00778
1.99933
1.98422
2.00805
1.99705
1.99007
1.99887
2.01238
1.99995
1.98404
1.99609
2.01244
2.00042
1.97852
2.01072
1.99207
1.99468
2.00236
2.00299
2.00434
1.99464
1.99468
1.99604
2.00845
2.00039
2.00508
2.00806
2.00341
2.02026
2.00666
1.99938
2.01738
2.00417
1.9948
2.00959
1.99905
1.99458
2.00547
2.00205
2.01198
2.00213
2.01359
2.00468
1.98597
1.99964
2.00914
1.99975
2.00596
1.99608
1.99245
2.00602
1.99213
2.00476
2.02294
1.9988
2.01073
2.00781
1.99891
1.99988
1.98888
1.98793
2.00893
1.99963
1.99457
2.00073
2.00431
1.99542
1.99296
2.00067
1.98055
2.00124
2.01535
1.99289
1.99501
2.01095
1.99547
2.00442
2.00184
2.00205
2.00389
2.00184
1.99571
2.01681
2.00614
2.00766
2.00088
2.01061
1.9866
1.9878
2.01219
1.99873
1.99663
1.98878
2.00148
1.9979
2.01219
1.98272
2.00187
1.989
1.99814
2.00594
1.99401
2.00225
2.00049
2.00954
2.00814
2.02469
1.98606
1.99745
2.01422
1.99
2.00273
2.01394
2.01315
2.01192
2.00402
1.99526
2.00581
2.00711
2.01034
2.00375
2.00038
2.01051
2.01496
2.00681
1.99974
2.00536
2.01364
1.9952
1.98683
2.01506
2.01128
1.99474
1.99335
1.99473
2.00137
1.99279
1.98101
1.99692
1.99606
2.00631
2.00439
1.99984
2.01003
1.99559
2.01571
2.00152
2.00437
2.01538
1.99428
1.99937
2.02333
1.99823
2.00146
2.00188
2.00385
1.98959
1.9988
1.99272
1.99149
2.0169
2.01056
1.99944
1.99027
2.00335
2.00262
1.99256
1.98799
1.99468
1.99558
2.01415
2.00607
2.00493
1.99775
1.99061
1.98983
1.99261
2.00349
2.00923
1.98697
2.01005
1.98718
1.97673
2.00253
1.9971
2.00722
2.01018
1.98942
2.01493
1.98344
1.98753
2.00694
1.99433
1.99338
1.99936
2.00412
1.99948
2.00615
1.99621
2.0044
1.97694
2.00009
2.0013
1.99634
2.00168
1.9995
2.00933
1.98483
1.99796
2.00907
2.00755
1.99858
2.00094
2.0052
2.00743
2.00831
2.00352
1.99409
1.98848
2.00277
2.00316
2.01144
1.99762
2.00849
2.00036
1.9979
1.99759
1.99231
2.01057
1.9915
1.99624
2.00469
2.00825
1.9968
2.00112
2.02257
2.00888
2.01742
2.00131
1.99966
2.00634
2.02156
1.98707
2.00572
1.99562
2.00298
2.00295
2.00198
2.00417
1.98508
1.99499
1.99515
2.00916
1.98618
1.99874
1.9995
2.01793
1.98734
2.01427
2.01116
2.00494
2.00098
2.00168
1.98658
2.00327
2.0016
2.00484
1.99913
2.00055
2.00045
2.01208
2.00562
1.99612
1.99903
1.98962
2.00071
1.99749
2.00131
1.99607
1.9989
2.00262
2.0024
1.99665
1.99626
1.997
1.99822
1.99168
2.00733
2.02903
2.01575
1.98315
2.00082
1.99821
1.99482
2.00571
2.00298
1.99266
2.01958
2.01155
2.00487
1.99595
1.99578
1.98886
2.02106
2.00732
1.99207
1.98142
1.98618
1.99299
1.99735
2.01
2
2.01296
2.0124
2.00719
2.00019
1.99493
1.99575
2.00977
2.00298
1.99632
1.99489
1.99424
1.99663
1.99758
2.00155
1.9995
2.00305
1.98925
1.99899
1.99321
2.01426
1.99843
2.02191
2.00274
1.98341
2.00091
2.00496
2.01187
1.99581
1.98607
1.99625
1.99176
1.98774
1.9939
1.99065
1.99236
1.99414
1.99412
1.99626
2.00547
2.00011
2.02122
2.00523
2.00036
1.99536
1.98177
2.006
2.00566
2.01066
2.0094
2.00499
1.99245
1.99143
2.02121
1.99372
1.99425
2.0049
2.02094
1.99684
2.00008
2.00136
1.994
1.99678
2.00791
1.99574
1.97429
2.00839
2.0127
1.98924
1.98782
1.99241
2.01515
1.99337
2.00978
1.99435
2.00085
2.01528
2.00557
2.01042
1.99812
1.99868
2.00596
1.99035
2.00658
1.98984
1.99155
1.99472
1.99765
2.01611
1.99856
2.00209
2.00621
1.99787
2.00155
1.99082
1.98895
2.00251
2.01126
2.00154
1.99331
1.99872
2.00551
1.99677
2.00691
1.98898
1.99345
2.01047
1.99823
2.00816
2.00903
1.99692
2.01439
1.97994
1.99436
1.99811
1.99696
2.01312
1.99105
2.01035
2.00932
1.99888
2.01395
1.99853
1.99544
1.98919
1.99856
1.9846
2.00703
2.00877
2.00671
2.00399
1.98865
1.99993
2.00631
2.00047
1.99832
1.99438
1.99782
1.99967
1.99898
1.99841
1.99291
1.998
2.005
2.00852
1.998
1.99838
2.00479
1.97783
2.00249
1.99467
2.01012
1.98471
1.98658
1.98106
2.00302
1.99879
2.0038
1.99905
2.01236
2.00062
1.99832
2.00936
1.99494
1.99989
2.00987
2.00115
2.01141
1.99828
1.99716
1.99389
1.99158
1.99803
1.99024
1.99721
2.00863
2.01132
1.98919
1.98659
1.9951
2.00251
1.99321
1.98798
1.98449
2.00078
1.99581
2.01692
1.9943
1.99877
2.01507
1.99893
1.99437
1.9744
1.99466
2.01277
2.0081
1.99584
2.00816
1.99736
2.00472
2.00229
1.99119
1.99703
2.00444
1.99707
1.98892
1.97613
2.02461
1.99864
2.00609
1.99396
1.9878
2.00715
1.97832
2.0019
1.99689
1.98227
1.99068
1.98318
2.0051
2.00869
1.98802
1.99631
2.0131
2.02135
2.0041
2.00023
1.9873
2.01372
1.99412
1.9971
1.99971
2.00342
1.97972
1.99891
2.00648
1.99136
1.99763
1.98807
1.99828
2.00059
2.01014
2.00304
2.01291
2.01404
2.02009
2.00131
2.00542
1.99639
2.00439
1.99056
1.99386
1.99841
2.00345
2.00149
1.9951
1.99155
2.00509
2.00192
2.01648
2.00617
1.99743
1.97486
1.98092
2.0191
1.99711
2.01051
2.0164
2.00045
2.00049
1.98621
2.01183
2.00512
1.99811
1.99693
1.99241
2.00348
2.01129
1.99787
2.0073
1.99422
2.00287
2.01005
1.9931
1.98432
2.0056
2.0082
2.00284
2.01006
2.01803
2.00341
2.00086
2.00439
2.00599
2.00095
1.98394
1.99529
2.00476
2.00058
2.00437
2.0075
2.00169
2.01471
1.99444
1.99857
2.00775
1.99875
2.00931
1.99478
1.99775
1.99349
2.01247
1.97211
1.99435
1.99886
2.0156
1.98754
1.9948
2.00069
1.99493
1.99545
1.9927
1.98676
2.00176
1.98148
2.00268
1.99904
2.00371
2.00735
2.01107
1.99966
2.00003
1.98696
1.98046
1.98608
2.00325
1.98704
1.99797
1.98812
2.00026
2.01689
1.98842
2.00215
1.99347
1.9868
2.00172
1.99826
2.00259
1.99913
1.9898
2.00868
2.00739
2.01542
2.00947
1.9833
1.99699
1.99728
2.00267
1.99706
2.0057
2.00155
1.9922
1.9912
1.98249
2.01716
2.01029
2.00433
2.00263
1.99269
2.00528
2.00258
1.99914
1.96105
1.99008
2.0088
2.01471
2.00761
1.99449
2.00095
1.9912
2.0068
2.01042
1.99397
2.00189
2.0151
2.01472
1.98271
1.99365
1.99595
1.99981
1.99395
2.01582
2.00292
1.988
1.9844
1.99146
1.98746
1.99649
1.99564
2.00602
1.98629
1.97809
1.99906
1.9843
2.00864
1.98516
1.99634
1.99209
2.00388
1.9975
1.98572
2.00661
1.98606
2.01148
2.00254
1.99568
1.99492
1.99948
2.00704
1.98677
2.00194
2.00104
2.00416
1.99297
2.00954
2.02268
2.00251
1.99357
1.98838
1.98217
1.98936
1.99021
2.00294
2.01574
2.00842
2.00315
2.01997
1.99926
2.00036
1.9937
1.99933
1.99227
2.00799
1.99393
2.00885
2.00098
2.01021
1.98283
2.0019
1.99569
1.98844
2.00441
1.99915
1.99709
2.00287
1.9924
1.99503
1.99228
1.99833
1.99833
1.97696
2.0015
1.99508
1.99906
1.98837
2.00724
1.99892
2.00639
1.98848
2.01632
2.0163
2.00907
1.98917
1.99162
2.01317
1.99898
1.99908
2.00411
2.00858
1.97417
2.01337
1.98786
1.9986
2.0067
2.00247
1.99845
2.00036
1.99773
2.00924
2.00159
1.99407
2.0028
1.99181
1.99982
1.99255
1.97674
1.99925
2.00129
2.00454
2.02687
2.00329
2.01758
1.99854
2.00232
2.00808
2.0162
1.99767
2.01275
1.98732
1.99792
1.98462
2.01107
2.003
1.99506
2.01777
1.99748
1.99206
2.00374
1.99325
2.0072
2.0118
2.01445
2.00783
1.99605
2.01582
1.98689
1.99714
1.99902
1.98685
1.99182
2.0026
2.00099
2.02539
2.00162
1.99677
1.99308
2.00391
1.98995
2.0103
2.00146
2.00416
1.99803
2.0165
1.99359
2.01424
2.00207
1.98038
2.00525
2.00929
1.99994
2.01228
2.00337
1.99107
2.00962
1.98438
1.99099
1.99193
1.98981
2.00566
2.00855
2.02123
1.99182
2.00221
1.99641
2.00351
1.98469
1.9915
1.98741
1.99588
2.00359
2.00913
1.99905
1.9889
1.99534
1.99295
1.98809
1.99373
2.00306
1.99433
2.00495
2.00085
2.0026
2.00722
2.00826
1.99271
1.99339
1.98833
1.98542
1.99302
1.9905
2.0003
2.01462
2.01032
2.00156
2.00905
2.00172
2.01053
2.00742
1.98641
2.00395
2.00314
2.01054
1.98874
2.00396
1.98817
2.01346
1.98965
1.99102
2.00245
2.01358
2.00664
1.99944
2.01061
1.99231
1.9798
1.99517
2.01299
1.9949
2.00164
1.99289
1.99702
2.00159
2.00826
2.00132
1.99907
1.99767
1.99795
1.98349
2.00764
1.99101
1.99918
1.9939
1.99293
1.99282
2.01169
1.99945
1.99237
