2.00079
2.0002
1.99665
2.00182
2.0024
2.00478
2.00023
2.00142
1.99829
1.99659
2
2.00025
1.99743
1.99852
2.00027
1.99928
1.99639
2.00153
2.00192
2.00212
1.99852
2.0014
2.00259
1.99758
2.00411
1.99791
2.00119
2.00323
2.00204
2.00484
1.99627
2.00158
2.0041
1.99507
1.99874
2.00613
1.9958
2.00341
1.99992
1.99835
1.99991
1.99971
2.00299
1.99627
2.00429
2.00335
1.99615
1.99925
1.99829
2.00185
1.99452
2.00391
1.9969
2.00141
2.00093
1.99671
1.99747
2.00282
2.0027
1.99978
1.99778
1.99518
1.99722
2.00239
2.00389
1.99998
2.00206
2.0016
1.99755
1.99974
1.99933
2.00348
2.00058
2.00015
1.99711
1.99964
1.99895
1.99914
1.99873
2.00269
1.99422
1.99687
1.99405
1.99671
2.00444
1.99635
2.00341
1.99528
2.00212
2.0002
1.996
2.00017
2.00168
1.99799
2.00448
1.99985
2.00256
2.00023
2.00621
2.00045
1.99765
1.99905
2.00034
1.99711
1.99743
2.00455
2.00028
2.00374
2.00031
1.99462
2.00521
1.99927
2.00004
2.00243
2.00078
2.00162
1.99703
2.00583
2.00188
2.00365
2.00582
1.99833
1.99691
2.0031
1.9966
1.99841
1.99739
2.00256
1.99799
1.99954
2.00396
1.99983
2.00009
1.99282
1.9993
1.99991
1.99591
1.99307
2.00342
2.00117
1.99885
2.00355
1.99837
1.99632
2.00025
1.99802
1.99745
2.00443
1.99821
1.99745
2.00304
1.99779
2.00255
1.99618
1.99721
2.00389
2.00081
1.99263
1.99504
1.99741
2.00272
2.00071
1.99371
2.00294
1.99478
2.00504
1.9969
1.99566
2.0027
2.0006
1.99872
1.99886
2.00294
1.9982
1.99798
1.99892
2.00045
2.00079
2.00605
2.00074
2.00174
1.99952
2.0048
1.99779
1.99758
1.99698
2.00418
1.99717
1.99585
2.00382
2.00063
1.99815
1.99486
1.99963
1.99692
1.99844
2.00064
2.00581
2.00813
2.0008
1.99482
2.00044
2.00233
1.99679
1.99684
2.0016
2.00336
2.00099
2.00143
1.99845
1.99589
2.00347
2.00111
2.00076
1.99924
2.0006
2.00107
2.00498
1.99951
1.99069
2.0022
2.00195
1.99993
1.99985
2.00215
1.99994
1.99764
2.00341
1.99726
2.00045
1.99774
2.00256
1.99504
1.99227
1.99989
1.99931
2.00127
1.99869
1.99731
2.00139
2.0013
1.99548
2.00591
1.99936
2.00214
2.00282
1.99532
2.00066
1.99825
1.99732
2.00236
2.00065
2.00261
1.99601
1.99792
1.9989
2.0041
1.9993
2.00269
2.00569
2.00194
1.99614
1.99846
2.0026
2.00352
1.99941
1.99715
2.00418
2.00272
2.00211
1.99818
2.00691
1.99581
1.99371
1.99851
1.9991
2.00025
1.99622
1.99089
1.99726
2.00053
2.00165
1.99585
1.99966
2.00251
1.99813
2.00369
1.99737
2.00015
2.00055
1.99662
1.99701
2.00055
1.99888
2.00049
1.99713
1.99892
1.99802
2.00335
1.99565
1.99837
1.99434
1.99547
1.99934
1.9986
2.00063
1.99879
2.00313
1.99503
2.00122
1.99552
1.99636
1.99929
2.00182
1.99812
2.00272
2.00146
2.00159
2.00224
2.0017
1.99603
2.00116
2.00303
1.99611
2.00053
2.00374
2.00068
1.99538
1.99654
2.00101
2.00423
1.99766
2.0013
1.99886
2.00739
2.00252
2.00374
2.00517
1.99923
2.00406
1.99968
2.00205
2.00008
1.99725
1.99748
1.99609
2.00154
2.00239
2.00105
1.99813
1.99652
2.00221
2.00361
1.99589
2.00127
2.00243
2.00078
2.00496
1.99963
2.00319
1.99679
2.00098
1.99647
1.99944
2.00257
1.99744
2.00186
2.00387
1.99912
1.99634
2.0005
1.99814
2.00262
1.99805
1.99855
2.00395
1.99695
2.00198
1.99681
1.99604
1.99637
1.99763
1.99816
2.00078
2.00011
1.99759
1.9999
2.00127
2.00103
2.00152
2.00191
2.00179
2.00657
1.99939
2.00081
2.00131
2.00414
1.99689
1.99662
2.00257
2.00352
1.99782
1.99774
1.99832
2.00121
2.0013
2.00187
2.00042
1.99383
1.99892
1.9996
2.00341
1.99972
2.00067
1.99894
2.00154
1.99782
2.00015
1.9983
2.00601
1.99609
1.9974
2.00195
2.0081
2.00203
2.00121
1.9989
2.00069
1.99966
2.00082
2.00187
2.00094
1.99986
2.0031
2.00709
1.99988
2.00143
1.99778
1.99787
2.00146
1.99972
1.99793
2.00142
2.00195
2.00092
1.9967
1.99752
2.00353
2.00186
2.00464
2.00484
2.00038
1.99914
2.00077
1.99952
1.99559
1.99408
2.00112
1.99874
1.99785
2.0014
1.99931
2.00176
1.99725
2.00255
2.00089
2.00392
1.99674
1.99703
1.99585
1.99839
2.00214
2.00469
2.00448
1.99922
2.00125
2.00165
2.00884
2.0037
1.99577
1.99771
1.99968
2.0032
2.00331
2.0068
1.99797
2.00365
1.99961
1.995
1.99958
1.99922
1.99759
2.00414
1.99901
1.99876
2.00175
2.00093
2.00216
2.00256
2.00002
1.99916
1.99559
1.9986
2.00479
1.99831
1.99482
1.99539
2.00168
1.99499
2.00082
2.00086
2.00161
1.99795
1.99781
2.00082
1.99645
1.99798
1.99876
2.00315
1.9982
1.99667
1.99873
1.99589
2.00197
1.99874
2.00091
1.99768
2.00464
2.00247
2.00283
2.00608
2.00262
1.99881
1.99792
2.00098
1.99622
2.00228
2.00025
2.00333
2.0042
2.00251
1.99827
2.00199
1.99863
2.00041
1.998
2.00221
2.00581
1.99898
1.99729
1.99609
2.00088
1.99802
2.0004
2.00002
2.00261
2.00198
1.99974
1.99496
2.00402
1.99398
1.99999
2.00242
2.00098
1.9965
1.99946
2.00277
1.99666
1.9998
1.99763
2.00395
2.00024
2.00262
1.99952
2.00318
1.99955
1.99855
1.99959
1.99631
1.9996
2.00038
1.99816
2.00227
2.00184
1.99517
1.99368
1.99926
2.0042
2.00288
2.00507
1.99523
1.99736
1.99798
1.99934
2.00353
2.00043
2.00027
1.99929
1.99922
2.00231
2.00314
2.00331
2.00219
1.99805
2.00251
2.00239
1.99808
2.00012
2.00248
1.99226
1.99684
2.00198
1.99958
1.99838
1.99798
1.99177
1.99904
1.99763
1.9965
2.00036
2.00439
1.99857
2.00076
2.00167
2.00281
2.00301
1.99562
2.00269
1.99938
1.99678
2.00107
2.00338
2.00029
1.99945
1.99647
2.00066
1.99955
1.99988
1.99861
1.99669
2.00317
2.00415
1.99946
1.99414
2.00164
1.99757
1.99872
2.00061
1.99982
1.99978
1.99588
2.00252
1.99863
2.00707
1.99491
2.00411
1.9952
2.00254
2.00074
2.00186
1.99791
2.0003
2.0005
2.00183
2.00355
2.00979
2.00305
1.99658
2.00406
1.9982
2.00322
1.99811
2.00217
1.99567
2.0026
2.00063
2.00453
2.00299
1.998
1.99808
1.99827
1.99888
1.99822
1.99999
2.00229
2.00186
2.00066
1.99782
1.99964
2.00011
2.00142
2.00257
1.99788
2.00771
1.99353
1.99906
2.00097
1.99943
1.99681
2.00022
1.99996
2.00155
2.00224
2.00016
1.99982
2.00061
1.99913
1.99774
1.9982
1.99849
1.99799
2.00176
1.99857
1.99842
1.99988
1.99518
1.99621
1.99605
1.99498
2.00158
1.9964
2.00318
2.00364
2.00215
1.99933
1.99659
2.00138
1.99621
2.00338
1.99821
1.99625
1.99529
2.00266
1.99981
2.00279
2.00327
2.00049
2.00076
2.00089
1.99496
2.00366
2.00512
2.00369
1.9987
1.99951
1.99957
1.99941
1.99886
1.99693
2.00277
1.9983
2.00602
2.00486
1.9959
1.99847
1.99847
2.00011
1.99985
1.99847
2.00318
1.99775
1.9996
1.99839
2.00513
2.00281
2.00379
2.00506
1.99548
1.99216
2.00703
2.00209
2.00034
1.99328
1.99831
2.00832
1.99618
1.99552
2.00118
1.99965
1.99737
1.9979
2.00001
1.99681
1.99975
2.00621
2.00001
2.00793
2.00585
2.00387
2.00204
1.99795
2.00223
1.99871
1.99852
1.99765
1.99743
1.99703
1.99939
1.99635
1.99888
2.00028
1.99882
1.99776
1.99609
2.00215
2.00444
2.00828
2.00393
2.00143
1.9986
2.00085
2.00193
2.0011
1.99909
1.99742
2.00429
2.00158
1.99898
1.99577
2.00603
2.00194
2.00026
2.00121
2.00426
2.00229
1.99677
2.00173
2.00083
2.00268
2.00056
2.00141
1.99735
2.00496
1.99693
2.00374
1.99779
1.99954
1.99997
1.99126
2.00084
2.00283
1.99502
2.00249
2.0058
1.99864
2.00375
2.00258
2.00005
2.00311
2.0003
1.99567
2.00285
2.00338
1.99987
2.0008
2.00213
1.99911
2.00107
1.99637
1.99898
2.00173
1.9961
2.00336
2.00324
2.00101
1.99961
2.00061
1.99681
2.00461
1.99856
2.0014
1.99734
2.00349
1.99849
2.00213
2.00397
1.99711
2.00626
2.00163
2.00579
2.00018
1.99498
2.00226
2.00147
2.00288
2.00282
1.99859
2.00578
1.99539
1.99862
1.99903
1.99748
2.00303
2.00335
1.99985
2.00472
1.99934
1.99834
1.99892
1.99893
2.00175
1.99841
2.0008
1.99766
2.00081
1.99401
1.99942
1.999
1.99555
2.00245
1.99981
2.00352
2.00599
2.00426
2.00133
2.0054
1.99957
1.99483
2.00174
2.00105
2.00025
1.9967
2.00142
1.99988
1.9978
1.99989
2.00586
2.00689
2.00052
2.00193
2.00713
2.00125
1.99878
2.00037
1.9959
1.99661
1.99962
2.00321
2.00518
1.99944
1.9993
1.99939
1.99758
1.99873
1.99885
1.99689
1.99992
2.00179
2.00219
2.00713
1.99808
1.99699
1.99569
2.00445
1.99558
2.00221
1.99729
1.99668
1.99438
2.00091
1.99693
1.99898
2.00176
1.99666
2.00011
2.00504
2.00178
1.99923
2.0015
1.99986
2.00356
2.00485
2.00318
2.00195
1.99476
2.00433
1.99759
1.99866
2.00379
1.99834
2.00174
2.00091
2.00022
2.00005
1.99288
2.00335
2.00168
2.00059
2.00466
1.99673
2.0033
1.99478
1.99664
2.00385
2.00062
2.00549
1.99844
1.99693
1.9968
1.99875
2.00145
1.99871
2.00122
1.99826
2.00301
2.00926
1.99943
2.00465
1.99795
1.99786
2.0001
2.00545
1.99914
2.00265
1.99683
2.0055
2.00337
2.00112
1.99856
1.9985
2.00264
2.00011
2.00584
1.99386
1.99958
1.9981
2.00516
1.99805
1.99581
2.00362
2.00148
2.00069
1.99833
1.99951
1.99805
2.00275
2.00079
1.9993
1.99793
1.99945
1.99947
2.00047
2.00385
2.00292
1.99935
2.00059
2.00018
1.99758
1.99696
2.0003
2.00249
2.00021
1.99924
2.00025
2
2.00656
2.00232
1.99901
1.996
2.00074
1.99643
1.9974
2.00663
2.00476
1.99972
2.00305
2.00134
2.00048
2.00351
2.00335
2.00037
1.99972
2.00357
1.99583
2.00423
2.00502
2.00047
1.99837
1.99357
2.00281
1.99597
2.00298
2.00049
1.99447
2.00058
2.00478
2.00082
1.99535
2.00235
1.99822
2.00084
2.00197
1.99919
2.00075
1.99587
2.00206
1.99724
2.0028
1.99486
2.00246
1.99685
1.99789
2.00088
2.00166
1.99758
2.00481
1.99394
2.00095
1.99788
1.99856
2.00091
1.99816
1.99846
1.99656
1.99944
2.00054
1.99794
1.99836
1.9993
2.00142
2.00147
1.99747
1.995
1.99733
1.99885
1.99896
1.99644
2.00428
1.99959
2.00394
2.00019
2.00106
2.00078
2.00367
2.00263
2.00311
2.00621
2.00144
1.99669
1.99932
1.99945
1.99988
1.99632
1.99913
2.00172
2.00359
2.00159
1.99955
2.00002
2.00101
1.99957
1.99462
2.00018
2.00165
2.00686
2.0045
1.99515
2.00216
1.99896
1.99856
2.00283
1.99807
1.99995
2.0006
2.0007
1.99339
1.99975
2.00286
1.99869
1.997
2.00449
2.00688
2.00079
2.00719
2.00745
2.00172
2.00606
2.00215
2.00347
1.99869
1.99975
2.00055
2.00434
2.0053
1.99805
1.99641
2.00114
1.99872
1.99994
2.00124
2.00652
1.99922
1.99965
1.99827
1.99852
1.99397
2.00013
1.99921
1.99679
2.0054
2.00117
2.00463
2.00564
2.00214
2.00035
1.99687
2.00475
2.00089
2.00342
2.00512
1.99331
2.00097
1.9996
1.99692
2.00346
2.00449
2.0021
1.9976
1.99887
2.0004
2.00732
1.99384
2.00682
1.99949
2.00201
1.99651
2.00137
1.99837
2.00405
2.00049
2.00168
2.00196
2.00326
1.99609
2.00168
1.99928
2.00078
1.99925
2.00227
1.99607
2.00237
1.99868
1.99783
1.99849
2.00143
1.9978
2.0003
2.00566
1.99858
2.00223
2.00278
2.00281
2.00012
2.0004
2.00125
2.00214
2.0012
2.00065
1.99647
1.99943
1.99674
2.00208
2.00256
1.99927
1.99185
2.0022
2.00389
2.00349
1.99947
2.00289
1.99808
1.99381
1.99911
2.001
1.99235
2.00401
2.00016
1.99882
2.00692
2.00719
2.0017
2.00343
2.00101
1.99689
1.99528
2.00554
2.00106
1.99639
1.99616
1.9975
2.00534
1.99975
2.00164
1.99969
2.00322
2.00335
2.00063
1.99905
2.00212
1.99932
1.99728
2.0006
2.00071
2.00607
1.99633
1.99866
2.00339
2.00293
1.99904
1.99956
2.00173
1.99337
1.99729
2.00015
2.00726
2.00016
2.0011
2.00368
2.00239
1.99316
2.00051
1.99701
2.00241
2.00078
1.99915
2.00155
1.99998
2.00371
1.99958
1.99751
1.9991
2.00273
2.00237
2.00089
2.00147
2.00175
2.00176
2.002
1.99995
2.0016
2.00162
1.99886
1.99921
1.99574
2.00323
2.00462
1.9997
1.99516
1.99753
2.00314
2.00533
2.00009
1.994
1.99423
1.99476
1.99961
1.99861
1.99779
1.9971
2.00737
2.00239
2.00069
1.99866
1.999
2.00002
2.00131
2.00041
1.99627
2.00065
1.99953
2.00228
1.99854
2.00358
1.99727
2.00081
1.99697
1.99596
2.00126
1.9994
2.00101
1.99896
1.99862
2.0016
2.00117
2.00119
1.99502
2.00166
2.00296
1.99896
1.99686
2.00167
1.9959
2.00233
1.99879
1.99756
1.99693
2.0057
1.99982
1.99943
2.00463
2.00497
2.00071
2.00137
2.00181
2.00276
2.00411
2.00567
2.00015
1.9979
1.99733
1.99657
2.00109
1.99579
2.00019
2.00253
1.99706
2.0023
1.99894
1.99553
1.99981
1.98889
2.001
2.00082
1.99803
2.00755
1.9972
2.00467
2.00635
1.99899
1.99426
1.99908
2.00209
2.00404
2.00017
2.00126
2.00534
1.99926
1.99356
1.99959
2.00082
2.002
2.00208
1.99954
2.00667
1.99853
2.00437
1.9991
2.00206
2.00083
2.00308
2.00304
2.00253
2.00428
2.00073
2.00624
2.00663
1.99826
1.99653
1.99551
2.00526
2.0029
2.00749
1.99609
2.00329
2.0001
1.99789
1.99896
2.00327
1.99778
2.00219
1.99929
2.00113
1.99824
1.99863
2.00131
2.0001
1.99942
2.0019
1.9986
1.99945
1.99942
2.00219
2.00739
2.00072
1.99653
1.99625
2.00056
1.99788
1.99982
2.00058
1.99948
2.00551
2.00559
2.00024
1.99667
1.99661
1.99368
1.99771
1.99707
1.99772
2.00318
2.00069
2.00484
1.99772
1.99696
2.0087
2.00156
1.99993
2.00034
1.99791
2.00159
1.99609
1.99961
1.99822
1.99882
2.00064
1.99936
2.00002
2.00394
2.00333
2.00332
1.99698
2.00041
2.00105
2.00098
2.00181
1.99982
2.00062
1.99896
1.99882
1.99727
1.99388
2.00154
2.00296
2.00174
2.0041
1.99865
2.00184
1.99592
2.00086
1.99857
1.99813
1.9942
1.99561
1.99654
1.99805
1.99989
1.99864
1.99932
1.9939
1.99673
2.00228
1.99633
1.99935
1.99584
2.00232
2.00248
1.999
2.0007
2.00248
2.00119
1.99486
2.0006
1.99787
1.99829
1.99388
2.00118
2.00019
1.99831
1.99794
1.99642
2.00142
1.99843
2.00114
1.99888
1.99645
2.00444
1.99201
1.99862
1.99937
1.99671
1.99803
1.9939
1.99869
2.00509
1.99913
1.99774
1.99821
1.99798
1.99986
2.00203
1.99906
2.0049
2.00638
2.00058
2.00407
2.00298
2.00319
2.00165
2.00185
1.99782
1.99758
2.00658
1.99581
2.00138
1.99914
2.00027
1.99916
2.00527
2.00414
2.00395
1.99627
1.99866
2.00151
1.99891
2.00112
1.99754
2.0055
1.99734
2.00119
1.99766
1.99598
2.00026
2.00399
2.0054
1.99497
1.99886
2.00462
2.00204
1.9907
1.99804
1.9987
1.9913
2.00003
1.99407
2.00681
2.00383
1.99911
1.99908
2.00544
2.00112
2.00151
2.00338
2.00347
2.00119
2.00124
1.99807
2.00285
1.99528
2.00509
1.99934
2.00098
2.00261
1.99746
1.99565
2.00785
2.00214
1.99508
2.00233
2.00353
2.00476
1.99279
2.00262
2.00267
1.9963
2.00109
2.00133
1.99779
2.00041
2.00433
1.9942
2.00102
2.00013
2.00066
1.99962
2.00335
1.99579
1.99732
1.99657
2.00222
2.00114
2.00043
1.99923
2.00136
2.00455
1.99437
2.00174
1.99925
2.0051
1.99983
1.99822
2.0042
1.99926
2.00378
1.99796
2.00152
2.00016
1.99798
1.99476
2.00491
2.00384
2.00105
1.99866
2.00206
1.99283
1.99374
2.00428
2.0028
2.00455
2.00118
2.00091
1.99916
1.99776
1.99848
2.00272
1.99893
1.99863
2.00253
2.00174
1.99563
1.99702
1.99991
1.99992
2.00744
1.99722
2.0014
1.99914
1.99846
1.99623
1.99946
1.99341
1.99672
1.99716
2.00107
2.00315
2.00337
2.00366
1.99804
2.00306
1.99935
2.00277
2.00109
2.00067
2.00023
1.9983
2.00486
2.00107
1.99807
1.99699
2.00137
2.00024
1.99595
2.00133
2.00428
2.00135
1.99841
1.99855
2.00463
1.99524
2.00087
1.99954
2.00138
1.99887
1.99958
2.00039
1.99533
2.00816
2.00635
1.99978
2.00007
2.00563
2.00183
2.00067
1.99443
2.00668
1.99963
2.00412
1.99818
2.0004
1.99711
2.0051
1.99844
2.00131
2.00004
1.99567
1.98973
2.00093
1.99883
1.99979
1.99894
1.99849
2.00216
2.00117
1.99755
1.99445
1.99693
2.00187
1.99747
1.99368
2.00361
1.99666
2.00423
2.0022
1.99846
1.997
2.00493
2.00201
2.00262
1.99788
2.00585
2.0007
1.9985
1.9973
1.99813
2.00052
2.00347
2.00102
2.00355
1.99777
1.99729
1.99895
1.99874
2.00411
1.99645
1.99155
1.99846
2.00045
2.0007
1.99854
1.99975
1.99195
2.00145
1.99971
2.00246
1.99819
2.00242
2.00342
1.99799
2.00574
1.99833
1.99937
2.00352
1.99625
2.00193
2.00116
1.99514
2.00168
1.99305
1.99556
2.00291
1.99998
2.00127
1.99985
2.00007
2.00307
1.99965
2.00323
2.00724
1.9999
2.00396
2.00449
2.00028
2.00507
2.00047
2.001
1.99698
2.00105
2.00518
2.00282
2.00137
1.99878
2.00404
1.99736
1.99314
1.99889
1.99871
1.99949
1.99745
2.00404
1.99937
2.00243
1.9998
1.99974
1.99517
2.00041
1.99673
2.00286
1.99893
1.99488
2.00249
2.00254
1.99925
1.99887
2.00287
1.99382
2.00224
1.99683
1.9979
1.99883
1.99457
2.00014
1.9982
1.99988
1.99821
2.00235
2.00229
1.99938
1.99959
2.00235
1.99842
2.0017
2.00047
1.99824
1.99988
1.99652
1.99646
1.99669
1.99588
2.00021
2.00054
1.99997
2.00302
2.0044
2.00225
1.99326
1.99854
2.00637
1.99852
1.99416
2.00125
1.99985
1.99981
1.99797
2.00349
2.00463
2.00268
2.00526
1.99824
2.00184
2.00444
1.99922
2.00326
1.99084
1.99926
2.00451
1.99422
2.00185
2.00255
1.99854
2.00108
1.99698
2.0003
1.99917
1.99616
2.00049
2.0009
1.9994
1.998
1.99774
1.99834
2.0031
1.995
2.00283
1.99573
1.99591
2.00158
1.99925
1.99665
2.00288
1.99861
2.00179
1.99981
2.00125
1.9962
2.0024
2.00052
2.0002
1.99872
1.99894
2.00049
2.00063
2.00225
1.99902
2.00298
1.99708
1.99503
2.00085
2.00261
1.99428
1.99407
2.00354
1.99373
2.00089
1.99836
2.00049
1.99843
2.00721
1.99885
1.99843
1.99943
1.99758
2.00031
2.00208
1.99869
1.9998
2.00582
1.99774
2.00135
2.00341
2.00344
2.00378
2.00231
1.99754
1.9977
2.00163
2.0022
2.00096
1.99882
2.00168
1.99931
2.00079
1.99857
2.00016
2.00365
2.00407
1.99567
1.99766
2.0005
2.00265
2.00167
2.00504
2.00149
2.00222
1.99646
2.00265
1.99901
1.99697
2.00437
1.99971
1.99765
1.99628
2.0048
2.00555
2.00193
2.0012
1.99627
1.99775
1.99488
2.00251
2.00097
2.00017
2.00099
1.9984
1.99781
1.99916
2.00049
1.99312
2.0039
1.99947
2.00569
2.0022
2.00301
2.0001
1.9949
2.00141
1.99768
2.00015
2.00039
1.99532
1.99853
1.99522
2.00005
2.00121
2.00078
1.9975
2.00221
2.00249
1.99413
2.00105
1.99622
2.00354
1.99745
1.99623
2.00183
2.00253
2.00064
2.00006
1.999
2.00027
1.99884
1.99969
2.00472
1.99823
1.99853
2.00184
2.0029
2.00078
2.00014
2.00122
1.9998
1.99857
1.99807
1.99932
1.99765
1.99815
2.00352
2.00144
1.99561
2.00114
1.99706
1.99849
1.99748
2.00791
1.99984
1.99717
1.99555
2.00211
1.99546
2.00319
2.00438
2.00596
2.00783
2.00494
1.99852
2.00236
2.00166
2.00332
2.00056
1.99654
1.99967
1.99902
2.00085
1.99934
1.99993
1.99756
2.00142
2.00078
2.00151
1.99723
1.99594
1.9968
2.00087
2.00459
2.0002
2.00315
2.00028
2.00655
2.0033
2.00057
1.99947
2.00444
2.00192
2.00145
2.00456
1.99767
1.99985
2.0033
1.99897
2.0064
1.99665
2.00493
1.99687
2.00226
1.99741
2.00326
2.00218
2.00017
1.99641
1.99819
1.99494
2.00376
2.00405
1.99519
1.99936
2.00041
1.99836
1.99579
2.00321
1.99901
1.99827
2.00176
1.99853
1.99941
2.00046
1.9973
2.00411
1.99772
1.99935
2.00134
1.99722
1.99675
1.99825
2.00583
2.00228
2.00328
2.0021
2.00064
2.00581
2.0014
1.99897
2.00493
1.99973
1.99923
2.00204
2.00155
1.99684
1.99854
2.00426
2.0027
2.00131
2.0024
1.99887
1.99929
1.99736
1.99546
1.99577
2.00125
2.00214
2.00055
1.99633
1.9975
2.00162
2.00154
1.99822
2.0007
2.00484
2.00258
2.00248
2.00419
2.0035
1.99883
2.00064
2.00178
2.00158
2.00056
2.00184
2.00731
2.00087
2.00723
1.99594
1.99416
1.99577
1.99744
2.00193
1.9998
2.00006
2.00131
2.00471
2.00245
1.99991
1.9926
1.99866
1.99755
1.99708
2.0006
2.00035
1.99807
1.99414
1.99955
2.00096
2.0017
2.0038
1.99862
1.99859
1.99615
1.99883
2.00551
1.99709
2.00041
1.99948
1.99859
1.99958
1.99955
2.00297
2.00046
2.00278
1.99734
1.99902
1.99808
2.00237
1.99569
2.00199
2.00373
1.9974
2.00159
1.99914
2.00616
2.0051
2.00189
2.0061
2.00114
2.00143
1.99857
2.00704
2.00185
2.00313
2.00199
2.00016
1.99882
2.00498
2.00277
1.99395
2.00298
1.99865
1.99823
1.99956
1.99749
1.9926
2.00007
2.00158
2.00403
1.99669
2.00182
1.99611
2.00166
2.00305
2.00397
1.99893
2.00292
2.00017
2.00318
2.00213
1.99669
2.0064
2.00565
2.00295
1.99972
1.99964
1.99951
2.00007
2.00168
2.00503
2.00225
2.00277
2.00062
2.0013
2.00178
2.00015
2.00301
2.00116
2.0021
1.9989
1.99634
1.99817
2.00401
2.00269
1.99787
1.99862
1.99916
1.99665
2.00456
2.00163
2.00353
2.00105
1.99931
2.00316
2.00436
2.00508
2.00124
2.00301
1.99507
2.00248
1.99804
1.99794
2.00282
1.999
1.99942
2.00296
2.00389
2.00547
2.00085
1.99676
1.99956
2.00115
1.99469
1.99792
2.00241
2.00147
1.98932
2.00162
1.99527
2.00153
1.99899
2.00034
1.99787
2.0034
2.0058
1.99567
2.00352
2.00099
2.00251
2.00079
1.99606
1.99992
1.99809
2.00205
1.99985
2.00754
2.00009
2.00693
2.00257
2.00331
2.00611
1.99978
2.00163
1.99981
2.00266
1.99444
2.00221
1.99887
2.00123
2.00454
2.0014
2.00628
1.99976
1.9975
1.99619
1.99936
1.99724
2.00118
1.99684
1.99911
2.0003
2.00088
2.0008
1.99369
1.99711
2.00085
2.00153
1.99878
2.00064
2.00515
1.99403
2.00074
2.00067
1.99676
1.99919
2.00059
2.00481
2.00198
2.00173
2.00021
1.99927
2.0055
1.99952
2.00044
2.00419
2.00081
1.9998
1.99832
1.99578
2.00169
1.99373
2.00144
1.99743
1.99797
2.00144
2.00025
1.99731
2.00327
2.00027
2.00235
1.99754
2.00179
1.9984
1.99261
2.00131
1.99921
1.99998
1.99689
1.99847
1.9977
2.00629
1.9985
2.00116
2.00003
1.99274
1.99997
2.00186
1.99383
1.99866
1.99567
2.00108
1.99848
1.99571
2.00097
2.00192
1.99822
1.99846
1.99766
1.99918
2.00058
1.99857
2.00295
1.99687
1.99485
2.0016
2.00258
1.99882
1.99967
1.99625
1.99925
1.99936
2.00223
1.99642
1.99413
2.00266
2.00444
2.00381
1.99776
1.98915
1.99742
2.00196
1.99827
1.99896
1.99822
2.00446
1.99891
2.00115
1.9974
1.99926
2.00612
2.0014
2.00098
1.99807
1.99814
1.99506
1.99709
1.99903
1.99736
2.00151
2.00063
1.995
1.99618
2.00031
2.00127
2.0029
1.99693
2.00155
1.99877
2.00087
2.00008
1.9983
2.00413
1.99784
1.99757
1.99915
1.9963
2.00002
1.99562
2.00211
2.00242
2.00356
2.00154
1.99947
1.99926
1.99911
1.99764
2.00258
2.00645
1.99909
2.00238
2.00444
2.00241
2.00227
2.00589
1.99949
2.00696
2.00052
2.00141
2.00141
2.00198
2.00244
1.99848
1.99906
2.00406
1.99686
1.99345
2.0022
1.9991
2.00056
2.00455
2.002
2.00305
2.00359
1.99868
1.99715
2.00124
1.99737
2.00389
1.99846
2.00261
2.00005
1.99863
2.00272
2.0004
1.99956
2.00534
1.99611
2.00527
1.99855
1.99784
1.99858
1.9987
1.99861
2.00577
2.00251
1.99692
1.99978
2.00347
2.00318
1.99877
1.99995
1.9979
2.00347
1.99621
1.99928
2.00369
1.99525
1.99899
2.00341
2.00016
1.99864
1.99715
2.00053
1.9965
2.00248
1.99947
1.99816
2.00122
1.99866
2.00673
2.00228
2.00129
2.00099
2.00531
2.0002
1.99972
2.00194
1.9977
1.99232
2.00147
2.00086
2.00247
1.99579
2.00451
2.00085
1.99886
2.00038
1.99282
1.99772
2.00291
2.00041
1.99776
1.99993
2.00229
2.00071
2.00181
1.99989
1.99678
1.99226
1.99695
2.00404
2.00128
1.99881
2.00168
1.99821
2.00227
1.99572
1.99858
2.00132
2.00122
2.00338
1.99767
1.99797
2.00252
1.99853
2.00084
1.99941
1.99514
2.00511
2.00111
2.00042
1.99773
1.99313
2.00215
1.99411
2.00299
1.99828
1.99687
2.00083
2.00072
1.99375
1.98986
1.99808
2.00448
2.0096
2.00005
1.99537
2.00089
1.99786
2.00224
1.99548
2.00207
1.99361
2.00431
2.00378
1.99881
1.99971
2.00096
2.00172
2.00252
1.99901
2.00358
2.00235
2.00793
2.00294
1.99858
2.00015
1.9998
2.00265
2.00535
2.005
2.0057
2.00088
2.00557
1.99946
2.00185
2.00175
2.00073
1.99791
1.9988
2.00212
2.00181
2.0047
2.0032
1.99722
1.99761
2.00461
2.00034
2.00065
2.00239
1.9954
2.00053
1.99924
2.00089
2.00412
2.00698
1.99715
2.00021
1.99924
1.99473
1.99152
2.00023
2.00472
2.0006
2.00522
1.99868
2.00051
2.00307
1.99939
2.00012
2.00129
1.99735
1.99567
1.99836
2.00028
2.00049
2.00082
1.99597
2.00242
1.99883
2.0035
1.99962
1.99918
2.00235
2.00005
1.99899
2.00267
2.00302
2.00071
1.99801
2.0002
1.99367
2.0052
2.004
1.99635
2.00338
2.0054
1.99983
2.00207
1.99616
2.00013
2.00351
1.99558
1.99681
2.00139
2.00387
2.00028
1.99993
1.99351
2.00062
2.00222
1.99928
1.99741
1.9987
1.99554
2.00225
2.00154
2.00088
1.9989
1.99934
1.9992
1.99441
1.99999
2.00103
1.99965
2.00251
2.00129
2.00065
1.99761
2.00154
2.00089
1.99966
2.00123
2.00265
2.00228
1.99982
2.00075
2.00092
1.9958
1.99472
1.99282
1.99966
1.99767
1.99913
1.99835
1.99802
1.99816
2.00085
1.99851
2.00502
2.00112
2.00083
1.99925
2.00064
2.00108
1.99935
1.99939
1.9983
1.99822
1.9995
2.00213
2.00007
1.99505
1.99867
2.00266
1.99768
2.00028
1.99877
1.99919
1.99771
2.00378
1.99689
2.00075
2.00078
1.99822
2.00171
2.00058
1.99763
1.99892
1.99575
1.9984
2.00039
2.0019
2.00112
2.00272
2.00096
2.00273
1.99748
1.99826
2.00197
1.99788
1.9983
1.99591
2.00302
1.99584
2.00358
1.99769
1.99846
2.00188
2.00041
1.99746
1.9982
1.99831
2.00283
2.00185
2.0001
1.99792
1.99593
2.0005
1.9971
2.00282
2.00046
1.99978
1.99955
2.00081
1.9966
2.00296
1.99808
2.00485
1.99494
2.00247
2.00092
2.00285
1.99698
2.00284
1.99897
1.99974
2.00068
2.00527
1.99834
1.99845
1.99825
1.99978
1.99888
1.9981
1.99729
2.00208
1.99926
2.00258
2.00337
2.00155
1.99766
1.9999
1.99893
1.99865
1.99662
1.99821
2.00194
2.00472
2.00234
2.00237
1.99841
1.99788
2.00056
2.00685
1.99863
2.0002
1.99179
1.99719
2.00254
1.99516
1.99779
2.00456
1.99908
2.00467
2.00295
1.99696
1.9968
2.00321
2.00218
1.99693
1.99703
2.00094
1.99947
2.00306
2.00314
2.00011
1.99922
2.0025
1.99978
2.00129
1.99781
1.99694
1.99802
1.997
2.00319
2.00633
2.00118
2.00054
1.9988
1.99917
1.99879
2.00071
1.99852
1.99802
2.00169
2.00077
1.99729
2.00005
1.99937
2.00325
1.99423
1.99931
1.99727
1.99737
1.9996
2.00501
2.00585
2.00201
2.00147
2.00203
2.0025
1.99921
2.00612
1.99465
2.00116
1.99889
2.00364
1.99766
2.00033
1.99732
1.99511
2.0026
2.00374
2.00517
2.00133
1.99417
2.00199
1.99743
1.99724
1.99524
1.99947
1.99973
1.99327
1.99761
2.00187
2.00253
1.99444
1.99847
2.00235
2.00232
2.00392
2.00431
1.99701
1.99877
2.00411
1.99748
2.0021
1.9988
2.00325
1.99954
1.99683
2.00167
2.00247
2.00519
2.00041
2.00017
1.99731
2.00404
1.99876
2.00089
1.99907
2.00173
2.00357
2.00262
1.99792
1.99933
1.99477
1.99925
1.99878
1.99779
2.00018
2.00171
2.00181
1.9981
2.00168
2.0028
1.99422
2.00026
1.99546
1.99327
2.00127
2.00424
2.00164
1.99644
2.00173
1.99864
1.99577
2.00361
2.00186
2.00403
1.99915
1.99171
1.99769
1.99876
2.00352
2.00144
2.00453
2.00185
1.99824
2.00144
2.00331
1.9957
2.00013
1.99609
2.00045
2.00279
2.00319
2.00167
1.9941
1.99558
2.00062
1.99952
2.00385
2.00495
1.99981
1.99607
2.00621
2.00288
2.00506
2.00278
2.00537
2.00084
1.99727
1.99896
1.99659
2.00201
1.99672
2.00025
1.99329
1.99842
2.00202
1.99546
2.00285
2.00592
1.99824
1.99933
2.00018
1.99965
1.99736
2.00057
2.00416
1.9997
1.99952
1.99395
2.00158
2.00168
1.99744
2.00101
2.00084
2.00234
2.00225
2.00013
2.00294
2.0037
1.99691
1.99997
1.99427
2.00041
2.00442
1.99671
2.00358
2.00423
2.00754
1.99818
2.00022
2.00147
2.002
2.00128
1.99917
2.00038
1.99633
1.99687
1.99784
1.99987
2.00297
2.00052
2.0017
1.99754
1.9996
1.9986
1.99604
1.99897
2.00039
1.99714
1.99829
2.0036
2.00179
1.9997
2.0001
2.00239
2.00492
2.00137
2.00505
2.00138
1.99744
1.99712
2.00089
2.00462
2.00064
1.99847
1.99376
2.00273
2.0029
2.00277
2.00083
1.99518
1.99717
2.00208
2.00489
2.00238
2.00203
2.00519
2.00313
1.99751
2.00089
2.00168
2.00259
1.999
2.00059
1.9997
2.00241
1.99889
2.0033
1.99765
2.00002
2.00541
2.00518
2.00213
2.0013
2.00004
2.00525
2.00231
1.99652
2.00385
2.00321
1.9984
1.99538
2.00166
1.99726
2.00204
1.99466
2.00471
1.99556
2.00327
1.99968
1.99729
1.99993
1.99752
2.00025
2.00318
2.00145
2.00303
1.99885
2
2.00622
2.00267
2.00135
1.9972
2.00295
1.99775
1.99837
1.99706
1.99883
2.00434
2.00023
1.99853
1.99977
1.99701
2.00087
1.99902
1.99826
1.99926
2.00499
2.00293
2.00005
2.00292
2.00058
2.00377
2.00211
2.00376
1.99826
2.0044
2.00158
1.99812
2.00067
1.99318
1.99996
2.00503
2.00454
2.00256
1.99713
2.00272
1.9957
2.0022
1.99463
2.00039
2.00138
1.99978
2.00099
2.00183
1.99733
2.00026
1.99624
1.99884
1.99653
1.99406
2.00123
2.00452
2.00408
2.00022
2.00065
1.99495
2.00086
1.99728
2.00179
1.99884
1.99911
2.00041
1.99777
1.99842
1.99511
2.0014
1.99461
2.00038
1.99455
1.99834
2.0003
2.00234
1.99806
2.00751
1.99833
2.00044
1.99828
1.99879
2.00546
2.00189
1.99733
2.0016
1.9978
2.00244
1.9971
1.99858
2.00162
2.00331
1.99976
2.00298
1.99938
1.9958
1.99858
1.99962
2.00263
1.99353
1.99587
1.99913
1.99396
2.00262
2.00021
1.99757
1.99649
1.99998
2.0009
1.99566
1.99503
2.00034
2.00133
2.00421
2.00003
1.99942
2.00391
2.0057
2.00147
1.99806
2.00798
1.99966
1.99876
1.99906
2.00181
2.00057
2.00095
1.99799
2.00204
2.00074
2.00762
2.00056
1.99831
1.99498
1.9965
1.99715
1.99597
2.00152
2.00206
1.99836
1.99446
2.00341
1.99891
2.00425
2.00173
1.99399
1.99791
2.0018
1.99829
1.9964
1.99921
1.99962
2.00047
2.00008
1.99675
1.99605
1.99838
1.99521
1.9963
2.00342
2.00259
1.99712
2.00026
2.00471
2.00407
2.00035
2.00588
2.00035
1.99998
1.99628
1.99987
2.00217
1.99929
1.99735
1.9948
2.00308
1.99822
2.00361
2.00139
1.99837
1.99899
1.9971
1.99783
2.00034
2.00331
1.99852
1.99536
1.99645
1.99347
1.99669
2.0026
1.99996
2.00184
2.00749
2.00327
2.00094
1.99651
1.99661
2.00165
2.00196
2.00315
1.99999
1.99734
2.00206
1.99972
1.99956
2.00163
1.99992
2.00074
1.99808
2.0054
2.00225
1.99988
2.00011
2.00082
1.99369
1.99931
1.99652
1.9992
2.0081
2.00019
2.00227
2.00282
2.0012
2.00786
1.99899
1.99893
2.00429
2.00259
2.0042
2.00295
2.00248
1.99935
2.00737
1.99257
2.00339
1.99882
1.9975
2.00343
1.99646
2.00172
1.99966
1.99666
2.00011
1.99758
2.00154
1.99981
2.00211
1.9981
2.00328
2.00065
1.99924
2.00329
1.99949
1.99819
2.00073
2.00246
2.00188
1.9979
1.99944
1.99788
1.99513
1.99926
2.00232
1.99667
1.99877
2.00469
2.00201
1.99587
1.99812
1.99937
2.00011
2.00582
2.00172
2.00263
1.99724
1.99987
2.00328
2.00326
2.00172
2.00332
2.00017
2.00365
1.99735
1.99406
2.01041
2.00339
2.00044
2.00641
2.0052
2.00574
2.00398
1.99175
2.00161
1.99399
1.99552
2.00174
2.00353
1.99683
1.99814
1.99592
2.00801
2.00501
2.00369
1.99934
1.99961
1.99658
2.00666
2
2.00603
2.00154
1.9976
2.00026
1.99928
1.99967
1.99845
1.99997
2.00109
1.99907
2.00257
1.99866
1.99374
1.99588
1.99954
1.99414
2.00413
1.99816
2.00108
1.99378
1.99562
2.00255
1.99558
1.99843
2.00688
2.00381
1.99657
2.00008
2.00227
1.9955
1.99684
1.99863
2.00334
2.00302
1.99753
2.00131
1.99861
1.99947
2.00375
1.99527
2.00137
2.00176
1.99974
1.99469
1.99808
2.0053
1.99616
1.99832
1.99879
1.9981
1.99715
1.99993
2.00299
1.99874
2.00022
2.00256
2.00225
1.99511
2.00249
2.00288
1.99327
2.0009
2.00033
1.9959
2.0009
1.99987
1.9988
2.00207
2.00095
1.99899
1.9978
1.99993
1.99959
2.00315
2.00208
2.00563
1.99744
2.00077
2.00196
1.9981
2.00454
2.00283
1.99949
1.99938
1.99954
1.99967
2.00056
2.00072
1.99756
1.99979
2.00311
2.00129
2.00086
2.0019
1.99443
1.99555
1.99886
1.99695
1.99493
2.00521
1.99816
1.99952
1.99825
1.99699
1.99671
2.00651
2.00262
2.0034
2.00034
1.99731
2.00156
1.99524
2.00206
1.99861
1.99377
2.0017
2.00206
1.99967
2.00231
2.00182
2.00098
1.99804
1.99909
1.99337
1.9978
1.99868
2.00301
1.99858
1.99832
2.00115
1.99596
1.99675
1.99406
1.99763
1.99911
2.00013
1.99827
2.00098
1.9983
2.00526
1.99636
1.9995
1.99365
1.99909
1.99402
1.99657
2.0022
1.99597
1.99951
1.99925
1.99791
2.00246
1.99646
1.99637
1.99901
1.9998
2.00053
2.00193
2.00575
1.99676
1.99982
2.00493
2.00264
1.99354
1.9972
1.99943
2.00145
2.00548
2.00298
2.00754
2.00187
2.00079
2.00265
1.9996
1.99927
1.9989
1.99924
2.00262
2.00022
1.99523
1.99535
2.00428
2.0077
1.99794
2.00155
1.99482
1.99955
2.00194
2.00079
2.00301
1.9992
2.00213
2.00449
1.9997
2.0004
2.00557
2.00353
2.00087
2.00089
1.999
2.00232
2.0004
1.99679
1.99626
1.99943
1.99684
2.00014
2.00291
2.00554
2.00021
2.00811
1.99991
2.00633
2.00176
1.99981
2.00252
1.99975
2.00342
1.99933
2.00745
2.00092
1.99793
1.9934
1.99077
1.99534
2.00548
2.00775
2.00017
2.00419
1.9998
1.99841
1.99672
1.99667
2.00025
1.99649
2.00228
1.99909
2.00138
1.99992
2.00275
1.9964
2.00195
1.99363
2.0025
2.00462
2.0025
2.00207
1.99995
1.99801
1.99829
1.99872
1.99637
1.99546
2.00432
1.99624
2.00746
1.99437
2.00214
2.01211
1.99723
2.00272
2.00066
2.00008
2.00177
1.99693
2.001
2.00097
1.9967
1.99914
1.99712
1.99673
2.00593
1.99875
2.00088
2.00296
1.99958
1.99805
2.00004
2.00371
2.0019
1.99699
1.99488
2.00015
1.99961
1.99724
2.00135
2.00249
2.0063
1.99977
2.00286
1.99989
2.00556
2.00181
2.00129
2.00081
2.003
1.9943
1.99955
2.00294
2.00169
1.99931
2.00079
2.00328
2.00417
1.99937
2.00009
1.99486
1.99976
2.00521
1.99984
2.00007
2.0035
2.00585
1.9999
1.99934
2.0006
2.00264
1.99723
1.99648
2.00006
2.00092
2.00311
2.00021
1.99773
1.99986
2.00356
2.00734
2.00317
2.00195
2.00467
2.00011
2.00053
2.00429
2.00139
1.99813
1.99774
1.99915
2.00155
1.99978
2.00135
1.98831
1.99451
1.99901
2.00233
2.0005
1.99806
1.99827
1.9986
2.00036
1.99814
1.99623
1.99984
2.00217
2.00123
1.99885
1.99966
2.00365
1.99701
2.00579
1.99831
2.00152
1.99763
1.99631
2.00188
1.99734
2.00021
1.99889
1.99958
2.00576
1.99918
1.99949
2.00138
1.99871
1.99797
1.99911
2.00188
2.00045
1.99939
2.00658
1.99564
1.99627
1.99341
1.99823
2.00452
1.99934
2.0019
2.00027
1.99901
2.00026
2.00431
2.00479
2.00231
1.99465
1.99962
2.00515
1.99792
1.99905
1.99808
1.99939
1.99876
1.99962
2.00193
2.00281
1.99974
2.00157
2.00331
2.00431
1.99984
1.99776
2.00084
2.00187
2.00125
1.99711
2.00156
1.99925
1.9994
2.00038
1.99848
2.00072
1.99961
1.99567
1.99879
2.00526
2.0011
2.00081
1.9977
2.00288
2.00153
2.00129
1.99855
2.00062
1.99477
2.00572
2.00464
2.00528
1.99436
1.99821
1.9993
1.99997
2.00545
2.00186
2.00106
1.99962
2.00017
1.99624
2.00273
2.0041
2.004
1.99785
1.9994
1.99893
2.00035
2.0002
2.00036
2.00264
1.9996
1.99826
2.00369
1.99739
1.99875
1.99633
2.00296
2.00202
1.99807
2.00147
1.99937
2.00472
1.99939
1.99616
2.003
1.9988
2.00014
1.99955
2.00024
1.99971
1.99813
1.998
2.00037
1.99168
2.00032
2.00195
2.00635
1.99926
2.00073
2.00099
1.99896
2.00022
1.99759
2.00059
1.99847
1.99863
1.99644
2.00127
1.99957
2.00138
2.00061
1.99943
1.9931
2.00201
2.00071
2.00123
1.99611
1.98942
1.99785
2.00371
2.00365
2.00211
1.99709
1.99802
1.99947
1.99901
1.99396
1.99827
2.00229
2.00068
1.99705
1.99818
2.00196
1.99844
2.00184
2.00483
1.99954
2.00373
1.99783
1.99684
1.99952
2.00147
2.0024
1.99523
1.9997
2.00061
2.0021
2.00357
1.99864
1.99739
1.99522
1.997
1.99616
2.00237
2.00103
2.00441
1.9991
2.0037
1.99512
2.00114
2.00018
1.99826
2.00238
1.99534
1.99873
1.99898
2.00279
1.9957
1.99843
2.00294
1.99974
1.99741
2.00326
2.00263
2.00398
2.00281
1.99791
2.00042
1.99783
1.99369
2.00253
1.99875
1.99685
1.99912
1.99644
1.99635
2.00277
2.00285
1.9999
1.99889
2.00478
2.0013
2.00031
1.99868
2.00069
2.0002
1.9934
2.00052
2.00385
1.99757
2.00422
2.00287
1.99855
2.00033
2.00396
1.99759
2.00067
2.00355
1.99987
2.00077
2.00129
1.99994
1.99401
2.00383
1.99384
2.00154
1.99971
2.00175
1.99954
2.00038
1.99971
2.00047
2.00128
1.99899
2.00113
2.00551
2.00067
1.99416
1.99232
1.99405
2.00332
2.00264
2.00446
1.99868
1.99924
1.9991
1.99946
1.99842
2.00092
2.00257
1.99597
1.99955
2.00139
1.99574
1.99658
2.00222
2.00131
1.99757
1.99792
2.00354
2.00413
1.99804
1.99532
2.00207
2.00237
2.00408
2.00013
1.99596
2.00009
1.99907
2.0034
2.00132
2.00048
2.00025
1.99725
1.9986
2.00498
2.00671
1.99689
2.00388
1.99807
1.99961
1.99791
2.00288
1.99828
1.99704
1.99908
2.00353
2.00028
2.00152
1.99987
1.99591
1.99808
2.00223
1.99726
2.00165
2.0005
1.9979
1.9982
1.99723
1.99822
1.99606
2.00353
1.99801
2.00385
2.00076
2.00431
2.00102
1.99877
1.99408
1.99915
1.99952
1.99984
1.99331
1.99529
1.9924
2.00235
2.0029
2.00162
1.9995
1.99945
2.00188
1.996
2.00044
1.99169
1.99657
2.001
1.99919
1.99961
1.99758
1.99857
2.0016
2.00309
2.00108
2.00215
2.00249
1.99722
2.00354
1.99467
2.00202
1.99877
2.00005
2.00286
1.99007
2.00208
1.99946
2.0048
2.0006
2.00735
1.99501
1.99704
2.00274
1.99715
1.99819
1.99537
1.99828
1.99583
2.00207
1.99976
2.00383
1.99981
2.00121
1.9996
2.00146
2.00265
2.00107
2.00225
2.00246
2.00026
1.99873
2.00344
1.99485
1.99903
1.99596
2.00277
2.00237
2.00064
1.99881
2.00402
2.00299
1.99958
2.00528
2.00333
1.99743
2.001
1.99947
2.00112
2.0025
1.99842
2.00405
2.00155
1.99761
1.9971
2.00271
1.99779
1.99932
1.99911
2.0031
1.99973
2.00117
1.99825
1.9923
1.99957
2.00387
2.00389
1.99735
1.99825
1.99903
1.99745
2.002
2.00406
2.00065
2.0061
1.99745
1.99388
1.99872
1.99625
2.00339
2.00402
1.99646
1.99937
2.00341
2.00471
1.99761
1.99736
2.00255
2.00127
1.99712
2.00049
2.00471
2.00128
1.99964
1.99706
2.00154
1.99305
1.99852
1.99674
1.9954
2.00124
2.00016
1.99984
1.99868
2.00018
1.99895
1.9997
2.00413
2.00193
1.99622
2.00464
2.00215
2.00467
1.99757
2.00207
2.00026
2.00004
1.99494
1.99907
1.99531
1.99926
2.00305
2.00042
1.99769
1.99568
2.0005
2.00178
1.99845
1.99753
1.99974
2.00392
1.99259
1.99832
1.99953
1.9975
1.99465
1.99789
2.00281
1.99776
2.00107
2.00008
1.99755
1.99681
2.00453
1.99907
2.0033
1.99766
2.00171
2.00001
2.00257
2.00321
1.99674
2.00066
2.00319
1.99763
1.99393
2.00299
2.00081
1.9925
1.99988
2.0011
2.0011
2.0026
1.99974
1.99857
2.00246
2.0002
1.99734
1.99864
1.99715
2.00232
2.00177
1.99928
2.00154
1.99976
1.99671
1.99928
2.00154
1.99665
2.00428
2.00035
2.00137
1.99725
2.00554
1.99964
2.00285
2.00256
1.99628
2.00272
2.00158
2.00199
1.99402
2.00341
2.00654
2.00154
1.99644
1.99807
2.00201
1.99461
1.996
2.00051
2.00593
1.99994
2.0004
2.00031
1.99784
2.00035
1.99766
2.00117
1.9972
1.99916
1.99832
1.99993
2.00234
1.99852
2.00365
2.00006
2.003
2.00124
2.0017
2.0015
1.99814
2.00814
1.99881
2.00031
1.99556
1.99646
1.99735
2.00081
2.00041
1.99903
1.99337
2.0014
2.00024
2.00262
2.00582
2.00117
2.00499
2.00109
1.99411
2.00028
1.99753
1.99412
1.99987
1.99935
2.00592
1.99897
1.99931
2.00503
1.99517
1.99615
1.9999
2.0016
1.99952
2.00453
1.99641
2.00102
1.99496
2.00271
1.99905
1.99724
1.9968
2.00345
1.99773
2.00161
1.99876
2.00079
1.99643
2.00199
2.00621
2.00437
1.99935
2.00285
2.00009
2.00053
2.00555
2.00075
2.00029
1.99807
2.00138
1.99792
1.99441
2.00599
1.99964
2.00104
1.99953
2.00666
1.99328
2.00499
1.99921
1.9958
2.00144
1.99645
1.99962
2.00106
2.00225
2.00392
1.99926
1.99953
1.99627
1.99518
1.99943
1.99789
2.0005
2.00187
1.99947
1.99816
1.99977
1.99894
2.00311
2.00296
2.00172
2.00164
2.00284
2.00415
2.0001
1.99865
1.99471
2.00356
1.99622
2.0027
1.99725
1.99529
1.99864
1.99754
1.99548
2.00152
1.99649
1.99591
1.99783
1.99703
2.0003
2.00137
2.00299
1.99709
2.00165
2.00192
1.99956
1.99431
2.00001
2.00173
1.99499
1.99623
2.00037
1.99967
2.0021
2.00365
2.00243
2.00288
1.99924
2.00323
2.00737
2.00515
1.99876
1.9934
2.00054
2.00213
2.00151
1.99999
1.99748
2.00121
2.00165
1.99644
1.99806
1.9978
2.00285
2.00071
1.99848
1.99708
2.0007
2.00597
2.00141
2.00131
1.99854
1.99954
1.99982
1.99957
1.9979
2.00339
1.9993
1.99482
1.99687
2.00069
1.99618
1.99643
2.0038
1.99544
2.00041
2.00119
1.99579
2.00242
1.99625
1.99891
2.00252
2.00261
2.00758
2.00199
1.99886
1.99722
2.00115
1.99894
2.0034
1.99677
1.99798
2.00362
2.00202
1.99949
1.99877
2.00163
2.00028
2.00277
2.00166
2.00142
2.00159
1.99952
1.99992
2.00125
1.99879
1.99813
2.00094
1.99966
1.99914
1.99664
2.00162
2.00235
1.99886
1.99638
2.00152
2.00301
2.0032
2.00337
2.00211
1.99879
2.00432
2.00469
2.00495
2.00273
1.99761
2.00239
1.99629
1.99978
1.99454
2.00324
2.00204
2.00297
1.99175
1.99759
1.9966
1.99763
1.99721
2.00159
2.00103
2.00034
1.99802
1.99999
2.00097
1.99955
1.99706
2.00184
2.00229
1.99782
1.99692
1.99854
2.00596
1.99924
1.99922
1.99833
1.99982
2.00771
1.99998
1.99925
2.00487
1.99526
2.00435
2.00435
1.99758
2.00018
2.00611
2.0003
2.00118
1.99912
1.99844
1.9958
1.9938
2.0002
1.99601
1.9928
1.99839
1.99609
1.99834
1.99691
2.00217
1.99821
1.99869
2.00235
1.99868
1.9995
2.00231
1.99783
2.00502
1.99854
1.99614
1.9973
1.99877
2.0023
1.9981
1.99618
2.00068
1.99901
1.9986
2.00287
1.99666
1.9995
1.99927
1.99547
1.99741
1.99995
1.99728
1.99974
1.99852
1.99789
1.99867
1.99871
1.9987
2.00256
2.0022
2.00109
1.99376
1.99478
1.99835
2.00039
2.00028
1.9957
2.00569
1.99855
1.99913
1.99796
2.0019
1.9994
2.0045
1.99671
2.00122
1.99802
2.00176
1.99744
2.00326
2.00162
2.00463
2.00026
2.00135
1.99664
2.00405
1.99754
2.0024
2.00243
2.00156
2.00141
2.00103
2.00366
1.99773
1.99761
1.99515
2.0002
2.00376
2.00142
1.99987
1.99795
1.99845
2.00039
1.99809
1.99736
1.99781
2.00367
2.00279
2.00182
2.00318
2.00175
1.99991
1.99395
2.00386
2.00158
1.99524
1.99837
2.00425
2.00388
2.00161
2.00353
2.00321
1.99838
1.9961
1.99359
1.99568
2.00114
1.9942
1.99635
2.00083
2.0014
1.9986
1.99971
2.00164
1.99934
2.00071
2.00274
2.00203
1.99636
2.00241
1.99999
1.99961
1.99922
2.00228
1.99871
2.00421
2.00492
1.9976
1.99731
1.9948
1.99808
1.99892
1.99594
1.99628
2.00024
1.99808
2.0011
2.00409
2.0022
1.99209
1.99737
1.996
1.99507
1.99748
2.00055
2.00424
1.99846
2.00267
1.9981
1.99291
1.9992
2.0006
1.9989
1.99986
2.0039
1.99988
1.99989
1.99727
1.99943
1.99729
1.99688
1.99947
1.99802
1.99679
2.00005
1.9966
1.99575
2.00401
2.00081
1.99947
1.99714
1.99772
2.00651
2.00704
2.00194
1.99942
2.00046
1.99788
2.0055
2.0016
2.00567
1.99934
1.99907
1.99845
1.99886
1.99125
2.00085
2.00093
2.00225
2.00269
2.00052
1.9992
1.99952
2.00437
2.00081
1.99764
1.99874
2.00287
1.99813
2.00277
1.99929
2.00289
1.9985
2.00033
1.99974
1.99798
1.99984
1.99841
1.99909
1.99621
2.00033
2.00156
2.00031
1.99854
1.99757
1.99987
1.99584
2.00206
1.99746
2.00152
2.0005
2.00038
2.00059
1.99912
1.99891
1.99416
1.99781
1.99676
2.00078
1.99711
1.99564
1.99848
1.99798
1.99482
1.99728
1.9997
2.00633
1.99768
2.00047
1.9975
1.99982
2.00188
1.99889
2.00075
2.00178
1.99573
2.00558
2.00065
2.00129
2.00416
1.99588
2.00684
2.00042
2.00162
2.00153
2.00352
1.99813
2.0017
1.99669
1.99446
1.99806
1.99536
1.9992
2.00105
2.00029
1.99969
1.99648
1.99644
1.99728
1.99759
1.99867
1.99796
1.9972
1.99645
2.00179
1.99793
2.00123
1.99785
1.99775
2.00015
1.99411
2.002
2.00643
2.00761
2.00335
1.99615
1.99831
1.9992
2.00164
1.997
1.99947
2.00032
1.99831
1.99931
2.00122
1.99642
2.00284
2.00036
2.00436
2.00043
2.00559
1.99723
2.00185
1.99787
1.99953
2.00061
1.9981
1.99963
1.99548
2.00265
1.99776
2.00275
1.99612
2.00072
1.99857
1.99928
2.00031
1.99814
1.99575
2.00421
1.99846
2.00211
2.00536
1.99912
1.99993
2.00345
1.99953
1.99745
1.99632
2.00163
2.00464
1.99562
1.99234
1.99664
2.00143
2.00104
2.00154
2.003
1.99366
1.99769
2.00194
2.00081
2.00129
1.99906
1.997
1.99699
2.00075
1.99876
1.99686
1.99918
2.00204
1.99931
1.99963
1.9963
1.99891
2.00131
2.00394
2.00025
1.99936
1.99825
2.00246
1.9975
2.00103
1.99801
2.00263
2.00412
2.00055
1.99801
2.00067
2.00138
2.00151
2.00019
2.0033
1.99995
2.00019
2.00317
2.00575
1.99567
2.00313
2.00225
2.0016
2.00044
2.00226
2.00142
1.99876
1.99602
2.00051
1.99939
1.99844
2.00635
2.00142
2.00262
1.99921
1.99803
1.99828
1.99991
1.99963
2.00372
1.99932
1.9971
1.99928
2.0031
1.99877
2.00321
2.00084
2.00398
2.00277
2.0011
1.99924
2.00397
1.99523
2.00219
2.00098
2.00141
2.00061
2.0018
2.00021
1.99952
1.99226
1.99276
2.0005
2.00271
1.996
1.99805
1.99928
1.9991
2.00025
2.0039
1.99745
1.99779
1.99745
1.99938
2.00004
1.99655
1.99533
2.00035
1.99841
2.0008
1.99612
2.00294
1.99723
1.99578
1.99721
1.99754
1.99962
1.9999
2.00157
2.00508
1.99843
1.99893
1.99531
1.99758
2.0039
1.99867
1.99922
2.00274
1.99837
1.99719
2.00479
2.00436
2.00587
1.99896
1.99653
1.99767
1.99945
1.99742
1.99814
1.9995
1.99316
1.99875
1.99914
2.00309
1.99775
1.99502
2.00478
2.00179
2.00271
1.99959
2.00132
2.0024
1.99906
1.99317
2.00063
1.9992
2.00037
1.99656
2.00399
2.00346
1.99954
2.001
2.00234
1.99917
1.99915
1.99964
2.00245
1.99742
1.99973
1.99935
1.99979
1.99951
2.0012
1.9963
2.00273
1.99363
2.00369
2.00065
1.99563
1.99963
1.99752
2.00013
1.99452
2.00323
1.9991
2.00044
1.99798
2.00333
2.00298
2.00045
1.99544
2.00069
2.00565
1.9989
1.99526
2.00109
2.00191
1.99802
2.00417
1.99763
2.00237
2.00248
2.00087
2.00559
1.99563
1.99726
1.99339
1.99841
1.99445
2.00176
2.00058
1.99501
1.99736
2.00034
1.9981
1.99858
2.00161
2.00158
2.00128
2.00467
1.99964
1.99737
2.00082
2.00061
1.9983
2.0003
1.9988
2.00164
2.00193
2.00336
2.0014
2.00249
1.99774
2.00081
1.99947
1.99942
1.99873
1.99981
1.99896
1.99796
1.99897
2.00177
2.00064
1.99494
2.00228
2.00493
2.00504
2.0039
1.99908
2.00678
1.9975
1.9982
2.00193
2.00084
2.00201
2.00134
2.00277
2.00081
2.00176
1.99748
1.99863
2.00052
1.99973
1.99888
1.99765
1.99425
2.00245
1.99915
1.99748
1.99882
2.00111
2.00551
1.99528
2.00276
1.99815
1.99817
2.00219
2.00044
2.00043
1.99849
1.99737
2.00458
1.99965
2.00426
2.00225
2.00141
2.0005
1.99735
2.00545
2.00027
2.0041
2.00374
2.00697
1.99374
1.99727
2.0045
2.00332
1.99932
2.00042
1.99921
1.99967
1.99989
2.00366
2.00042
1.99883
1.9973
2.00007
1.99673
1.99605
1.9978
2.00323
2.00093
1.99694
1.99583
2.00118
1.99983
2.00162
2.00344
2.00087
2.00195
1.99486
2.00547
2.00496
1.99759
1.99465
2.00401
2.00415
2.00361
1.99897
1.99643
1.99614
2.00254
2.00403
1.99596
1.99909
1.99837
1.99462
1.99967
1.99809
1.99992
1.9999
2.00355
1.99702
2.00113
1.9983
2.00197
2.00216
1.99758
2.00256
2.00093
2.00235
2.00045
2.00313
2.00055
2.00122
1.99208
1.99759
1.9976
2.00475
2.00256
1.99739
2.00481
2.00332
1.9996
1.997
1.99336
2.00111
1.99709
2.00435
2.00001
2.00254
2.00511
2.00097
2.00257
1.9995
2.00241
1.99376
1.99487
2.00152
1.99923
2.0035
2.00341
1.99473
2.00423
1.99691
1.99743
2.00553
2.00016
1.99884
2.00118
2.00156
2.00082
1.99886
1.99822
1.99849
2.00008
1.99772
2.0039
1.99866
2.00502
1.99832
1.99962
2.00117
2.00467
1.99678
2.00074
2.00082
2.00114
2.00026
1.99693
1.999
2.00008
2.00111
2.00063
1.99991
1.9991
1.99941
2.00001
2.00069
1.99845
2.00237
2.00138
2.00392
2.00218
1.99416
2.00025
2.00204
1.99878
2.00073
2.00428
2
1.99933
1.99963
2.00116
1.99915
2.00012
1.99875
1.99725
1.99592
1.99574
2.00241
1.99932
1.99554
2.00039
1.99885
1.99611
2.00252
1.99808
1.99889
1.99935
2.00167
2.00547
2.00166
1.99862
2.00293
2.00219
2.00243
1.99908
2.00117
2.0023
2.00087
1.99746
2.00365
2.00142
1.99653
2.00187
1.99804
2.00431
1.99756
1.99866
1.996
2.00326
1.99818
2.00037
2.00387
2.00149
2.00146
1.99856
2.00382
1.99474
1.99856
1.99946
2.00165
2.00098
1.99502
1.99985
2.00447
2.00376
1.99758
2.00464
1.99926
1.99907
2.00291
1.99772
1.99568
1.99769
2.00188
2.00173
2.00211
2.00146
1.99755
2.00272
2.00083
1.9971
2.00313
1.99657
1.99833
1.99724
2.00141
1.99993
1.9992
2.00013
1.99714
2.00101
1.99904
2.00236
1.99731
2.00334
2.00393
2.00191
2.00145
1.99737
1.99678
2.00018
2.00212
2.00398
1.99811
1.99387
1.99765
1.99823
2.00043
2.00369
1.99975
1.99875
1.99952
1.99198
2.00327
2.00305
2.00186
1.99747
1.99972
2.00009
1.997
2.00516
1.99928
2.00629
1.99714
1.99884
1.99978
1.99642
2.00007
2.00221
2.00141
1.99957
2.00226
2.00468
2.00264
1.99292
1.99629
1.99906
1.99965
2.00045
1.9961
2.00353
1.99996
1.99887
2.00392
2.00011
2.00034
2.00405
1.99821
1.99772
1.99817
1.99576
1.99889
2.00031
2.00223
2.00246
1.99833
1.99888
2.00019
1.99883
1.99467
1.99414
2.00108
1.99964
1.99973
1.99638
1.99894
1.99954
2.00129
1.99959
2.00085
1.99835
2.00096
2.00274
1.99223
2.00262
2.00318
1.99882
1.99683
1.99795
2.0012
1.99771
1.9979
1.9987
1.99847
2.00481
2.00306
1.9996
1.99532
1.99657
2.00065
2.00307
2.00077
1.99912
1.99749
1.99912
1.99187
1.99784
1.99611
2.00384
1.99605
2.00058
1.99593
2.0019
1.99943
2.00116
2.00228
2.00218
2.00239
1.99952
1.99799
1.99663
2.00419
2.00282
1.99711
2.00068
1.99721
2.00072
2.00029
1.99858
1.99727
2.00258
1.99418
1.99895
1.99737
2.0011
1.99952
2.0002
2.00105
1.99725
2.00205
1.99975
1.99863
2.00085
1.99087
1.99889
1.99576
2.00273
1.99554
1.99777
2.00241
1.99975
2.00041
2.00211
2.00161
2.00248
1.99552
1.99577
2.00042
1.99843
1.99564
2.00239
2.00013
2.00046
2.00267
2.00106
1.99293
2.00039
2.00041
2.0013
1.99956
1.9969
1.99748
2
2.00212
1.99632
2.00404
2.00116
1.99622
2.0035
1.99665
2.0028
1.99787
1.99553
1.99907
1.99985
1.99538
1.99566
1.99766
2.00185
2.00097
2.00157
2.00495
2.00009
1.99743
1.99376
2.00266
1.99723
1.99743
2.00216
1.99811
2.00601
1.99745
1.9997
2.00418
2.00551
1.99931
1.99805
1.99347
2.00321
1.99807
1.99754
2.00098
1.99728
1.99676
1.99902
2.00046
1.9966
1.99709
1.9994
1.99644
1.99946
1.99161
1.99826
1.99591
2.00675
2.00306
1.99673
2.00272
1.99823
2.00016
1.9989
1.99496
2.00168
1.99896
2.00472
2.00713
2.00315
1.99375
2.00326
1.99827
2.00005
2.00613
2.00119
2.00126
1.99557
1.99754
1.9999
2.00628
2.0005
2.00023
2.00093
1.99931
1.99508
2.00012
2.00598
2.00347
1.99864
2.00176
1.99772
1.99835
2.00011
1.99843
2.00228
1.99968
1.99803
2.00066
2.00126
1.99636
1.99932
2.00021
2.0023
1.99917
1.99597
1.99856
1.99338
1.99644
1.99707
1.99846
2.00071
1.99504
1.9928
1.99929
1.99865
2.00044
2.00008
1.99224
2.00501
1.99728
1.99583
1.9986
1.99945
2.00183
2.00523
1.99815
1.99925
1.99607
2.0016
1.99841
2.00086
2.00204
1.99877
1.99816
1.99757
1.99974
1.99408
1.99238
1.99725
2.00496
1.99976
1.9994
1.99753
2.00242
2.00097
1.99976
1.99878
1.99416
1.99703
1.99721
1.99776
1.9998
1.99721
1.99973
2.00568
1.9981
1.99967
1.99636
1.99699
1.99838
2.00119
1.99595
1.99817
2.00352
2.00063
2.00293
1.99839
2.00026
1.99791
1.99815
2.00373
2.00234
2.00249
1.9975
1.99475
1.99726
2.00091
2.00072
2.00254
1.99881
1.99981
1.99859
2.0039
2.00125
2.00158
1.99819
1.99779
2.00193
2.00028
1.99828
2.00118
1.99797
1.99887
1.99775
2.00326
2.00633
1.99709
2.0031
1.99282
2.00355
2.00374
2.00229
1.99934
1.99752
2.00251
1.99537
1.99942
1.99669
1.99611
2.00403
1.99545
1.99705
1.99992
2.00462
2.0002
2.00064
1.99936
2.00244
2.00399
1.99343
1.99756
1.99662
1.99913
2.00344
2.00268
1.99938
1.99853
2.00113
1.99766
1.99878
1.99521
1.99678
2.00085
2.00138
1.9996
2.00258
1.99993
2.00339
1.99871
1.99383
1.99645
1.99832
2.00701
2.00036
2.00012
1.99884
1.99952
2.0015
2.00022
2.00216
1.99876
2.00231
1.99837
2.00009
1.99961
1.99588
2.00044
1.99852
1.99682
2.00119
2.00085
2.00004
2.00019
1.9951
2.00254
2.00104
2.00216
2.00313
1.99675
2.00351
1.99543
1.99642
2.00204
2.00053
2.00379
2.00495
1.99479
1.99707
1.99936
2.00264
1.99529
2.00006
2.00543
2.0016
2.00011
2.0033
2.00129
1.99806
2.00589
1.99692
2.00177
1.99414
1.99761
2.00624
1.99839
2.00273
2.00484
2.00298
1.99979
1.99965
2.00455
2.00129
2.00267
1.99705
1.9989
2.00339
1.99608
2.00175
1.99929
2.00039
2.00016
2.00524
2.00394
1.99716
2.00319
2.00213
1.99743
2.00484
1.99924
1.99836
1.99793
1.99562
2.00357
1.99993
1.99916
1.99518
2.00214
2.00318
2.00179
1.99891
2.00436
2.00063
1.99591
1.9976
1.9994
1.99834
1.9999
2.00074
1.99508
1.99645
1.99711
2.0061
2.00383
2.00415
2.00494
1.99685
2.00486
1.99982
1.99858
1.99987
1.99974
1.99846
2.00261
1.99957
2.00229
1.99991
2.00153
2.00398
1.9966
2.00044
1.99815
1.99754
2.00051
2.00106
2.00035
1.99804
2.00553
2.00131
1.9965
2.00064
2.00408
2.0008
2.00363
2.0023
2.00897
2.00273
1.99662
1.99677
1.99754
1.99121
1.99444
1.99931
1.99536
1.99876
1.99349
1.9968
2.00162
1.99635
1.99587
1.99753
2.0001
1.99606
2.00208
2.0048
2.00089
1.99982
2.00451
2.00003
1.99761
2.0013
1.99748
1.99632
2.00352
2.00256
1.9969
2.00415
2.00012
2.00356
1.99719
1.9977
2.00097
1.9975
2.00191
1.99686
1.99906
2.00547
2.00028
2.00046
2.00257
2.00245
2.0011
2.00151
1.99554
1.99909
2.00417
2.00428
2.0016
1.99818
2.00251
2.00326
2.00453
1.99827
2.00281
1.99722
1.99523
1.99709
2.00373
1.9943
2.00092
1.99481
2.00195
2.00225
2.00572
1.99821
1.9953
1.99757
2.00222
2.00198
1.99489
1.99907
2.00208
2.00261
1.998
2.0039
2.00077
2.00358
2.00209
2.0035
1.9974
2.00024
1.99543
2.00284
1.99976
2.00099
1.99816
2.00161
2.00241
2.0051
2.0003
1.99491
2.00361
2.00166
1.99937
1.99893
2.00134
1.9961
2.00482
2.00772
1.99945
1.99852
2.00405
2.00046
1.99839
1.99924
2.00036
1.99606
1.9962
1.99677
1.99839
2.00034
2.00475
2.00024
2.00164
1.99799
1.99618
2.00081
1.99648
1.99721
1.99789
2.00047
2.00068
2.00453
1.99747
2.00438
2.00186
2.00265
2.00238
1.99487
2
2.00328
2.00713
2.00169
1.99682
1.9971
2.00275
1.99993
2.00098
1.99682
1.99592
2.00628
1.99932
2.00596
1.99735
2.00077
1.99552
1.9973
2.00086
2.00135
1.99476
1.99791
1.99479
2.00047
1.99934
1.99698
2.00142
2.00143
2.0019
2.00106
1.99548
1.99714
1.9976
1.99967
2.00073
2.00252
1.99577
1.99863
1.99837
2.00158
2.00115
1.99761
1.99614
2
2.00099
2.00311
2.00543
2.00127
1.99707
1.999
1.99997
2.00183
1.9992
2.0041
2.00227
1.99896
1.99764
2.00202
1.99965
1.99869
2.0014
2.00438
2.00217
1.99912
1.99945
2.00167
2.00274
1.99683
1.99866
2.00284
1.99592
1.99804
1.9988
2.00203
1.99267
2.00151
2.00174
1.99994
1.99877
1.99876
1.99888
1.99809
1.99605
1.99845
2.003
2.00066
1.99824
2.00373
2.00047
2.00132
2.00093
2.00154
1.99981
1.98737
1.99454
2.00104
1.99925
1.99305
1.99936
2.00214
2.00118
2.00032
1.99804
2.00108
1.99656
1.99956
1.99234
2.00334
2.00074
2.00497
1.9979
2.00052
2.00229
1.99947
1.99694
2.00434
1.99422
1.99732
2.00153
1.99595
2.00242
2.00186
1.9996
2.00033
2.00054
2.00163
1.99557
1.99932
1.996
2.00061
1.99919
1.99912
1.99776
2.00231
1.99927
1.9989
2.00008
1.99523
1.99797
2.00467
1.99865
2.00839
2.00055
2.00428
2.00227
2.00594
2.0017
1.99402
2.00182
2.00476
1.99803
1.99736
1.99582
2.00211
1.9968
1.99588
2.00259
1.99853
2.00272
1.99815
2.00277
2
2.00053
2.00123
2.00187
1.99753
2.00055
1.99917
2.00129
2.00305
2.00219
2.0009
2.00533
1.99693
1.99455
1.99882
2.00143
1.99703
2.00377
2.00518
2.00315
2.00772
1.99623
1.99747
1.99999
2.00082
1.99632
2.00087
2.00169
2.00196
1.99483
1.99994
1.99796
2.00357
1.99715
1.99657
1.99879
1.99914
2.00186
2.0038
2.00386
2.0042
1.99916
2.00114
2.00385
2.0025
1.99611
2.00193
2.00109
1.99774
2.00204
2.00064
2.00102
2.00452
2.00192
2.00145
1.99999
1.99403
2.00053
1.997
2.00429
1.99849
2.00249
1.99959
2.00294
2.00262
1.99795
1.99873
1.99616
1.99679
2.00014
2.00033
1.9989
2.00174
2.00155
2.00375
2.00406
1.99835
2.00185
1.99979
1.99979
1.9981
1.99852
2.00224
1.99968
2.00072
2.00139
1.99711
1.9975
1.99675
2.00079
1.99618
2.00292
1.99765
1.99471
1.99743
2.00188
1.99847
2.00601
1.99987
1.99423
1.99972
2.00472
1.99604
1.99792
1.99655
1.99642
2.00222
1.99745
1.99768
1.99801
2.00138
2.00334
1.99931
2.00341
1.99618
1.99845
1.99752
1.99652
1.99878
2.00044
1.9986
1.99932
1.99807
2.00458
2.00039
1.99754
1.99638
2.00211
2.00046
1.99748
2.00154
2.00082
2.00469
1.99936
2.00351
1.99887
1.99944
2.0062
2.00091
2.00101
1.99761
2.00616
2.00382
2.00232
2.003
2.00367
1.99923
1.9996
1.99366
2.00246
2.00103
2.00001
1.99941
1.99573
2.00163
2.00107
1.99924
1.99416
2.00183
1.99548
1.99862
2.00435
1.99836
1.99782
1.99822
1.99853
2.00172
1.9977
1.99662
2.0005
2.003
1.99758
2.0036
2.00316
2.00588
2.0021
1.99635
2.0056
2.0017
2.00046
2.00048
1.99844
1.99508
2.00349
2.00201
1.99543
2.00743
2.00205
2.0026
1.99885
2.00148
2.00363
1.99817
1.99821
1.99492
1.99792
1.99939
2.0018
1.99975
1.9939
1.99679
2.00451
1.99877
1.99801
1.99831
2.00044
1.99942
2.00337
1.99896
2.00143
2.00666
2.00167
1.99903
1.99675
2.00237
1.99784
1.99568
2.00728
2.00038
2.00699
2.00325
1.99872
1.99516
1.99886
1.99608
1.99705
2.0011
2.00463
1.99507
2.00331
1.99964
1.99946
2.00317
1.99697
2.00114
1.99802
1.99872
1.99558
1.99879
2.00069
1.99709
1.99907
2.00227
1.99914
2.00384
2.00446
2.00088
1.99504
1.99973
2.00053
2.00044
1.99796
2.00026
1.99926
1.99791
2.00299
1.99887
1.99175
2.0005
1.99628
1.99817
1.99399
2.0012
2.00353
2.00101
2.00241
2.00088
1.99842
2.00143
1.99797
2.00156
2.00102
2.00117
2.00129
1.99589
2.00415
2.00303
1.99698
2.00333
1.99746
1.99982
1.99857
2.00483
2.00132
2.00429
1.99773
1.99896
2.00337
1.99679
1.99773
1.99882
1.99939
2.00119
1.99666
1.99761
1.99883
1.99989
1.99977
2.0024
1.99291
2.00193
1.99384
1.99577
2.00138
1.99971
2.00078
1.99537
1.99602
1.99773
2.00089
2.00215
2.00272
2.00155
2.00372
1.99963
1.99723
2.00088
1.99869
2.00063
1.99975
2.00649
2.00371
2.00055
2.0016
2.00371
2.00443
1.99358
1.99634
1.99953
2.00064
1.99852
2.00156
1.99972
1.99697
2.00515
2.00323
2.00189
2.00182
2.00038
2.00644
1.99772
2.00267
2.00189
1.99752
1.99944
1.99994
2.00072
1.99617
1.99591
1.99571
1.99994
1.9984
1.99852
2.00318
1.99941
1.99818
1.99592
1.99456
2.00352
2.0054
1.99935
1.99864
2.0006
1.99146
1.99874
2.00154
1.99779
1.99621
1.99684
2.00195
1.99639
1.99729
1.99783
1.99835
1.99751
1.997
2.00168
2.00433
1.99818
2.00455
1.9976
2.0009
2.00154
2.00287
1.9955
1.99687
2.00108
2.00383
1.99881
2.0012
1.99969
2.0003
2.00219
2.00194
2.00081
1.99675
1.99575
1.99937
2.00155
2.00149
1.99763
2.00461
2.0002
2.00315
1.99525
1.99892
1.99968
2.00379
2.00482
2.00078
2.00477
1.99885
2.00256
1.99532
2.0003
1.99609
2.0027
1.99403
1.99848
1.99785
1.99508
1.99988
1.99564
1.99584
2.00305
2.00004
2.0035
2.00129
1.9984
1.99506
2.0024
2.00095
2.0005
2.00009
1.99664
2.00526
2.00085
1.99624
2.0006
1.99465
1.99747
1.99877
2.00108
1.99929
2.00064
2.00753
2.00368
2.00343
1.99944
1.99262
2.00222
1.99763
2.00096
1.99627
2.00469
2.00063
2.00399
1.99557
2.00197
2.00643
2.00181
2.00039
1.99994
1.99928
2.0019
2.00008
1.99615
2.00184
1.99829
2.00047
2.00034
2.00231
1.99831
2.00153
2.00507
2.00092
1.99932
1.99739
1.99689
1.99732
1.99783
2.00183
1.99696
2.00184
1.99323
1.99687
2.00133
2.00147
2.00037
2.00732
2.00055
2.00353
2.00193
1.99793
2.00016
2.00103
1.99648
2.00101
2.00306
2.00147
2.00244
2.00393
1.99934
2.0029
2.00298
1.99585
1.99919
1.99972
2.00187
1.99663
1.99942
1.99543
2.00149
1.99495
2.00073
2.00341
2.00355
1.99466
1.99876
1.99565
2.00464
1.99687
2.00125
1.99391
1.99899
1.99449
2.00096
2.00163
2.00136
2.00161
1.99829
2.00187
2.00067
2.00297
1.99683
2.00357
1.99435
2.00065
2.00637
1.9984
2.0008
1.99965
2.00138
2.0016
2.00148
2.00477
1.99668
1.99671
2.00149
2.00224
2.00023
2.00061
1.99784
1.99807
2.00476
2.0038
1.99456
1.99852
2.00588
1.99891
2.00169
1.99718
1.99782
2.00199
1.99598
1.99782
2.0014
2.0014
1.99903
1.99611
1.99947
1.99933
1.99845
1.99662
2.00051
1.99775
1.99912
1.99854
2.00111
2.00293
1.99923
2.00666
2.0045
2.00363
1.99721
1.99902
1.99265
1.9981
2.00042
2.00029
1.99983
1.99679
2.00085
1.9956
1.99774
2.00438
2.00034
1.99889
2.00184
1.9964
2.0035
1.99906
1.99949
2.00277
2.00007
2.00212
2.00294
1.99689
2.00319
1.99842
2.00017
2.00082
1.99471
1.99765
2.00192
2.00177
2.00148
1.99848
2.0006
2.00042
1.99769
1.99956
1.99832
1.99815
2.00227
2.00601
1.99426
2.00368
1.99706
1.99968
2.00433
2.00027
1.99976
2.00116
1.99898
1.99867
2.00079
1.99992
1.99711
2.00144
2.00431
2.00253
1.99945
2.00334
2.00571
1.99921
2.00318
2.00494
2.00114
1.99713
1.99851
2.00453
2.00154
1.99935
2.00131
2.00048
1.99859
2.00188
2.00154
1.9958
2.00003
2.00036
1.99878
2.0011
1.99745
2.00062
1.99722
2.00045
2.00285
2.00136
2.00099
1.9992
1.99832
1.99383
1.99956
1.99934
2.00305
2.00145
1.99333
2.00107
1.99537
1.99472
1.99498
1.99723
1.9938
2.00334
1.99955
2.00432
2.00344
1.99748
1.99949
2.00266
2.00517
2.00876
1.99737
1.99645
1.9938
1.99965
2.00064
2.00068
1.99462
1.99949
2.0006
1.99246
2.00336
2.00177
1.99836
1.99658
1.99724
2.00371
2.00396
2.00187
1.99748
1.99996
2.0019
2.00406
2.00676
2.00083
2.00031
2.00044
1.99855
2.00571
2.00526
1.9979
2.00212
2.00024
1.99628
1.99884
2.00539
2.00484
1.99452
2.00086
2.00299
2.00134
1.99912
2.00136
2.00578
1.99547
2.00322
2.00249
1.99701
2.0033
1.99974
1.99781
1.99973
2.00383
1.99911
1.99921
1.99655
1.99901
1.99897
1.99815
2.00031
2.00001
1.99947
2.00193
2.00229
2.00366
2.0003
2.00073
2.00088
2.00311
2.00066
1.99765
1.99574
2.00318
2.00107
1.99556
2.00026
2.00056
2.0011
2.00083
2.0022
1.99883
2.00217
1.99973
1.99936
1.99677
2.0048
2.00266
1.99547
2.00163
1.99906
1.99724
1.99937
2.00406
2.00143
1.99687
2.00546
2.00132
2.00251
1.99838
1.99506
2.00227
2.00014
2.00101
2.00623
2.00577
2.00278
2.00125
2.0001
1.99547
1.99834
2.00637
2.00385
2.0024
2.00521
2.00014
1.99768
1.99745
2.00084
1.99941
1.99746
2.0032
2.00042
2.00027
2.00235
1.9961
1.99774
1.99923
1.99979
1.99426
1.99936
2.00094
2.00297
2.00351
2.00067
1.99452
1.9981
2.00245
2.00446
1.9976
2.00141
2.00031
2.00199
2.00213
2.00085
2.00203
2.00445
1.99776
2.00094
1.99536
1.99626
2.00013
2.00407
2.00275
2.00302
2.00166
2.00173
2.00194
1.99766
2.00078
2.00303
1.99771
2.0015
2.00205
2.00524
1.99844
1.99458
1.99713
1.99789
2.00426
2.00102
1.99721
2.00243
2.00257
2.00013
2.00496
1.99996
1.99804
1.99765
1.9924
1.99737
1.9995
1.994
1.99822
1.99999
1.99893
2.00069
1.99838
2.0028
2.00227
2.00631
1.99826
1.99647
2.00027
2.0006
2.00276
1.99928
2.00422
1.99773
1.99454
1.99807
2.00067
2.00013
2.00233
2.00174
1.99766
1.99842
2.00224
2.00149
2.00266
1.99683
1.99728
2.00074
2.00424
1.99995
2.00563
2.00075
1.99832
1.99638
1.99989
1.99239
1.99926
1.99541
2.00093
1.99777
1.99753
1.99385
1.99639
2.0009
1.99457
2.00336
2.0043
2.00497
2.00567
2.00295
1.99797
1.99766
1.99878
1.99431
1.99996
2.00155
2.0033
1.99897
2.0054
1.99909
2.001
1.9978
1.99932
1.9994
1.99506
2.00394
1.99621
2.00645
1.99833
2.00255
1.99799
1.99839
1.99604
1.99406
2.00024
2.00157
2.00643
2.00362
2.00037
1.99661
1.99716
2.00335
2.00182
1.99242
2.002
1.99993
2.00106
2.00241
1.99801
2.00006
1.9979
1.9987
2.00019
1.99766
1.99705
2.00263
1.99652
2.00221
2.00255
1.99742
2.00026
2.00448
2.00242
1.99303
1.99702
2.00292
2.00551
2.00494
1.99883
2.00105
1.99151
1.99225
1.99672
2.00316
1.99698
2.00103
1.99779
1.99575
1.99796
2.003
1.99907
2.00361
2.00069
1.99768
2.0011
1.99877
1.99852
1.99846
1.99546
1.99875
1.99978
2.00197
1.99941
1.99535
2.00024
2.0011
2.00104
2.00016
1.99905
2.00073
2.00053
1.99418
2.00678
2.00143
1.99835
1.99936
1.99738
2.00474
2.00161
1.9983
1.99713
1.9979
1.99996
1.99487
2.00021
2.0003
1.99885
1.99371
1.99689
1.99906
2.00399
2.00047
2.00024
1.99717
1.99794
2.00635
2.00286
1.99821
1.99736
1.99847
2.00637
1.99849
1.99672
2.00166
2.00492
2.00148
1.99908
1.99537
1.99996
2.00169
2.00211
1.99547
1.99944
1.99376
2.00112
2.00018
1.99817
1.99975
1.99848
1.99987
1.99858
2.0021
2.00392
1.99945
1.99781
1.99727
1.99522
2.00273
2.00014
2.00408
2.00019
2.00123
1.99767
1.99973
2.00049
2.00432
2.00294
1.99858
1.99895
1.99777
1.99687
1.99942
2.00341
1.99804
2.00054
1.99985
2.00235
2.00523
2.00159
1.99918
2.00022
2.00158
2.00018
1.99733
1.99702
2.00213
1.99484
1.9952
1.99865
1.99516
1.99936
2.00029
1.9995
2.00019
2.00282
1.99673
1.99665
2.00092
2.00125
1.99947
2.0012
2.00103
1.99808
1.99931
2.00087
2.00341
2.00301
1.99343
1.99923
2.00221
2.00238
1.99752
2.00227
2.00115
2.00156
2.00174
2.00195
1.99633
1.99774
1.99578
2.00319
2.00303
2.00341
1.9997
1.99494
1.99437
2.00349
2.00138
2.00303
2.0012
1.99773
1.99596
1.99524
2.0025
2.00076
2.00567
1.9967
2.0011
1.99837
1.99821
2.00166
2.00264
1.99696
1.99812
2.00034
2.00039
1.99714
1.99862
2.00083
1.99885
2.00018
1.9992
1.99979
2.00456
1.99522
2.0006
1.9994
1.99761
2.00148
1.99752
2.00219
1.99883
2.00071
2.00733
1.99944
2.00353
1.99951
2.00037
1.99684
2.00182
2.00234
1.99845
2.00099
2.00008
1.99832
2.00077
2.00002
1.99748
2.00452
1.99687
2.00295
1.9986
2.00324
2.00208
2.00176
2.00211
2.00096
2.003
1.99934
1.99804
1.99992
2.00113
2.00457
2.00304
2.00008
2.00215
2.00058
2.00094
1.99618
1.99959
2.00145
2.00173
1.99573
2.00303
2.00108
1.99627
1.99803
1.99896
2.00082
2.00132
1.99909
1.9974
2.0009
2.00215
1.99673
2.00225
2.00408
1.9997
2.00309
2.00463
2.00048
1.99872
2.00495
1.99837
1.99826
1.99683
2.00086
1.99369
2.01043
2.00182
1.99932
1.99835
1.99976
2.00539
2.00688
2.00311
1.997
2.00036
1.99782
2.00361
1.99908
2.00049
1.99464
1.99441
1.99848
1.99898
2.00293
1.99782
2.00107
2.0026
2.0018
2.00252
2.00087
2.00489
2.00032
1.9982
1.99737
2.00155
2.00146
2.00459
1.99811
1.99838
2.00116
1.99976
2.00315
1.99851
2.00146
1.99957
2.00286
2.00155
1.99578
2.00029
2.00311
1.99871
2.00024
1.99741
1.99914
1.99653
2.00213
1.9994
1.99813
1.99523
2.00645
1.99792
1.99889
1.99923
1.99915
1.99858
2.00154
1.99822
2.00174
2.00156
1.99817
1.99944
1.99812
1.99635
2.0012
2.00269
2.00059
2.00368
1.99813
1.99853
2.00007
2.00193
1.99761
1.99763
1.99988
1.99874
1.999
1.99276
2.00047
1.99856
2.00088
2.00371
2.00136
1.99759
1.99463
2.00009
2.00342
1.99642
1.99728
2.00307
2.00741
1.99843
1.99901
1.99809
2.00095
1.99882
2.00156
2.00089
1.99757
1.99767
2.00045
1.99863
1.99991
2.00051
1.99123
1.99399
1.99861
1.99445
2.00237
1.99875
2.00106
1.9998
1.99981
1.99747
2.00037
1.99714
2.00449
2.00017
2.00139
2.00436
1.9997
1.99891
2.00066
1.99652
1.9958
2.00049
1.99846
2.00321
1.9963
2.00389
1.99476
2.00256
1.99323
1.99599
1.99525
1.99675
1.99748
2.00089
2.00013
2.00122
2.00064
2.00588
2.00287
2.00431
1.99572
1.99713
1.99766
2.00143
2.00197
2.00128
2.00652
2.00463
2.00128
2.00278
1.99291
1.99899
2.00067
2.00434
1.99755
1.9965
1.99993
2.00045
2.00433
1.99729
2.00428
2.00076
2.00528
1.99386
2.00725
1.9993
1.99825
2.00138
1.99853
1.99926
1.99644
2.0014
1.99943
1.99857
2.00449
1.99275
2.00236
2.00247
2.00621
2.00287
2.00569
2.00161
1.9986
2.00066
1.99896
1.99898
1.99966
1.99907
1.9961
1.99741
1.99693
1.99804
1.99907
1.99898
2.00037
1.99993
2.0019
2.00226
1.99482
2.00068
1.99879
1.99784
1.99785
1.99558
2.00181
1.99358
1.99727
2.003
2.00016
1.9974
1.99853
1.99934
2.00065
2.00092
1.99861
2.00186
2.00081
1.99573
2.00205
2.00015
2.00067
1.99556
1.99865
1.99821
2.00382
2.00626
2.00118
1.99623
2.00011
2.00493
1.99761
1.99839
2.00636
1.99158
1.99946
2.00076
1.99849
1.99769
2.00225
2.00502
2.00465
2.00114
2.00292
2.00138
1.99742
1.99778
2.00494
2.00512
1.99927
1.99882
1.99871
2.00199
2.00263
2.00007
2.00198
2.00302
2.00246
2.00161
2.00277
1.99863
2.00271
2.00086
1.99893
1.99828
1.99947
2.00086
2.00209
1.99998
1.99862
2.00263
1.99785
2.00262
1.99471
1.99861
1.99622
1.99871
1.99589
2.00208
2.00759
2.00347
1.99764
2.00135
2.00433
1.99504
2.00094
2.00207
2.00047
2.00207
2.00209
1.99744
1.99603
1.99964
1.99992
2.00162
1.99934
2.00425
2.00182
2.00129
2.00151
1.99957
2.00112
1.993
1.99718
1.9994
2.00415
1.99638
1.99922
1.99605
2.00376
1.99803
2.00055
1.99961
1.99713
2.00311
1.9973
2.00202
1.9987
2.00323
2.00163
1.99678
2.0057
2.00088
2.00041
1.99966
1.99535
1.99937
2.0038
1.99511
1.99825
2.001
2.00085
2.00526
1.99905
1.99408
2.00228
2.00217
1.99566
2.00001
1.99775
1.99957
1.99895
1.9997
2.00145
2.00328
2.00333
1.99838
1.99954
1.99741
2.00131
2.00082
2.00221
1.99662
1.99756
2.00533
1.99626
1.99498
1.99667
2.00178
2.00278
1.99846
2.003
2.00043
1.99878
1.99365
1.9982
2.00017
1.99602
2.00019
1.99785
2.00615
1.99927
2.00189
1.9979
1.99682
1.9994
1.99641
2.00062
1.99537
1.99833
2.00055
1.99827
1.99851
1.99522
2.00152
1.98932
1.9974
1.99783
2.00471
1.99961
1.9978
1.99859
1.99922
1.99634
2.00246
2.00062
2.00019
2.0007
1.99616
1.99737
1.99015
1.997
1.99962
1.99916
2.0036
2.00597
2.00054
1.99835
1.99763
2.00107
1.99862
1.99516
2.00231
2.00207
2.00531
2.00218
2.00177
1.99705
2.00139
1.99529
2.00512
2.00063
2.00061
2.00398
2.00031
1.99298
2.00094
2.00208
1.99763
1.99994
2.00255
1.99546
1.9947
2.00296
1.99522
1.99806
2.00299
2.00184
1.99749
2.00347
2.00201
2.00174
2.00051
2.00374
2.00725
1.99988
1.99863
2.00037
1.998
1.99424
2.00061
1.99666
1.99542
1.99897
2.00047
2.00067
1.9991
1.99725
2.00084
2.00014
1.99846
2.00244
2.00209
2.00259
2.00035
2.00463
2.00396
1.99899
1.99743
2.00137
1.99571
1.9997
1.99376
2.00203
1.99935
2.00091
1.99746
1.99774
2.0005
2.00262
2.00259
1.9976
2.00141
1.99808
2.00451
2.00167
1.99791
2.00317
2.00471
1.99921
2.00243
2.00392
2.00154
2.0016
2.00682
1.99747
1.99708
2.00249
1.99918
1.99808
2.00236
2.00545
1.99841
1.99727
2.00181
2.00475
1.99924
1.99929
1.99492
1.99842
1.99693
1.99647
1.99907
1.99985
1.99611
1.99695
2.00058
2.00145
2.00103
1.99998
1.9989
1.99991
1.9993
1.99972
2.00347
2.0031
2.00189
2.00437
1.99778
2.00118
2.0015
1.99904
1.99957
1.99891
1.9987
2.0024
1.99982
2.00285
2.00033
2.00207
1.99859
2.00081
1.99935
2.00273
1.9959
2.00312
1.99906
2.00751
1.99987
2.00056
1.99848
1.99848
2.00243
2.00095
2.00456
2.00114
1.99778
1.99547
1.99475
1.9991
2.00335
1.99961
2.00203
2.00053
1.997
2.00253
2.00235
2.00044
1.99842
2.00175
1.99956
1.99995
2.00309
2.00397
1.99531
1.99676
1.99786
2.00442
1.99964
2.00063
1.99874
2.0033
1.99632
2.00033
1.99719
2.00054
2.00151
1.99967
1.99849
2.00338
1.99986
2.00049
1.99523
2.00053
1.99788
2.00203
1.99947
1.99442
2.00223
1.99666
2.00591
2.00176
2.0005
1.99799
2.0032
1.9976
1.99582
1.99512
2.00274
2.00279
1.99838
1.99729
2.00454
2.00128
2.00586
1.99597
2.00585
1.99824
2.00496
2.00002
1.99938
1.99794
1.99625
1.9971
2.00307
2.00114
1.99931
1.9971
1.99842
2.00531
1.99398
1.99863
2.00009
2.00252
1.99366
2.00391
1.99635
1.99357
2.00005
1.99839
2.00404
2.00586
1.99966
2.00008
2.00282
2.00324
2.00152
1.99525
1.99795
2.00634
1.99835
1.99833
2.00032
2.00248
1.99668
2.00541
2.00176
1.99513
1.99813
1.99699
1.99332
2.00554
1.99584
2.00031
2.00109
1.99897
2.00426
1.99634
2
2.00094
1.99903
2.00401
2.00052
2.00339
2.00538
2.00045
1.99345
1.99932
1.99894
1.99652
2.0043
1.99819
1.99551
2.0019
2.00981
2.00142
2.00235
1.99869
2.00189
1.99931
2.00377
1.99793
2.00068
1.99888
2.00158
2.00213
1.9982
1.99804
2.00207
2.00178
2.00007
2.00242
1.995
2.00315
2.00386
2.00409
1.99665
2.00422
2.00033
1.99725
2.00143
1.99923
1.99829
2.00024
1.99931
1.99896
2.00098
2.00086
2.00009
1.99518
1.99767
1.9968
2.00293
2.00258
2.00264
1.99889
1.99585
1.9974
1.99528
1.99711
2.00135
1.99803
2.001
2.00381
2.00243
1.99706
1.99855
1.99785
1.99782
1.99894
2.00128
1.99872
1.99721
2.00005
1.99939
2.0003
1.9984
1.99675
2.00121
1.99861
1.99653
1.99724
2.00266
2.00121
2.00005
2.00144
2.00017
2.00048
2.00258
1.9992
2.00003
2.00053
1.9994
1.99914
1.9985
1.99446
1.99414
2.00335
1.99816
2.00022
2.00215
1.9994
2.00015
2.00564
1.99493
1.99729
2.00333
2.00034
2.0043
2.00157
1.99853
2.00135
2.00477
2.00039
1.99835
1.99837
2.00031
1.99821
2.00221
2.00487
2.00208
2.00689
2.00145
1.99827
1.99666
1.99821
1.99136
2.00096
2.00516
1.99994
1.99504
1.99828
2.00219
1.9986
2.00228
1.99874
2.0009
1.999
2.00273
2.00002
1.99514
2.00361
2.0007
1.99985
2.00462
2.0045
1.9963
2.00532
2.00202
1.99975
2.00119
1.99841
1.9966
1.99888
2.00113
1.99819
2.00274
1.998
1.99717
2.00025
2.00199
1.99972
2.00245
1.99744
2.00531
2.00034
1.99681
2.00427
2.0019
2.00125
2.00167
1.9981
1.99945
1.99667
2.00069
2.00388
2.00244
1.99673
2.00205
1.99845
1.99945
2.00399
2.00068
2.00443
2.00333
2.00141
2.00225
1.99875
2.0037
2.00049
1.99918
1.99171
1.99695
2.00341
2.00291
2.00189
1.99897
1.99819
1.99638
2.00421
2.00102
2.00237
2.00054
1.99816
2.00611
2.00111
2.00189
2.00087
2.00221
2.0018
2.00274
1.99675
2.00491
2.00528
2.00063
1.9995
2.0026
1.99946
2.00158
1.99959
2.0017
2.00177
2.00229
1.99761
2.00554
2.00318
2.00263
1.99813
2.0001
2.00485
1.99971
2.00021
2.00065
1.99987
1.99714
2.00051
2.00194
2.00186
1.99956
2
2.00092
1.99884
1.99691
1.99759
2.00015
2.00353
2.00308
2.00137
2.00245
2.00277
2.00349
1.9998
2.00271
2.00104
1.99969
1.99496
2.0028
2.0033
2.00233
2.00399
2.00061
1.99983
2.00069
2.00047
2.00016
2.00346
1.99963
2.00247
2.00185
2.00275
2.0012
2.00155
2.00427
1.99934
1.99935
2.0039
2.00022
1.99872
1.99816
1.9955
2.00095
2.00025
2.00091
2.0025
1.99972
1.99424
2.0016
1.99774
1.99918
2.0008
1.99798
1.99711
2.00629
2.00064
2.00224
1.99652
1.99829
1.99906
1.99638
2.00634
1.9972
1.9928
1.99925
1.99574
2.00053
1.99661
2.00502
2.00124
1.9999
1.99775
2.00488
2.0065
2.00164
1.99812
1.99996
2.00299
2.001
2.0026
2.00396
2.00282
1.99736
2.00346
1.99858
2.00346
1.99907
1.99693
2.00049
2.00441
2.0039
1.99601
2.00221
2.00234
2.00222
1.9996
1.99988
1.99759
2.00239
1.9987
1.99783
2.0025
2.0027
2.00065
2.00356
1.9991
1.99887
2.00408
2.00089
1.99687
1.99953
1.9999
1.99981
1.99788
1.99427
2.00183
2.00429
1.99236
2.00238
2.00234
1.99815
2.00242
1.99971
1.99543
1.99938
1.99488
1.99926
1.99952
2.00134
1.9976
1.99332
1.99442
1.9989
1.99653
2.00464
2.0012
1.99791
2.00281
1.99821
2.00119
2.00396
2.00007
1.99548
2.00163
1.99609
1.99874
1.99877
1.99535
1.9986
2.00285
2.00406
1.99963
1.99873
1.9987
1.99753
1.99878
2.00173
1.99963
1.99925
2.00613
2.00304
1.99877
1.99577
1.99716
2.00161
2.00172
2.00039
2.0016
1.9949
1.99918
2.00673
2.00383
2.00059
1.99961
1.9966
2.00227
1.99795
2.00158
1.99952
2.00078
1.99985
2.00216
2.00183
1.99714
2.00005
1.99843
2.00006
2.00071
1.9989
2.00105
1.99699
2.00231
2.00477
1.99865
2.00005
1.99985
1.99958
2.00112
2.00273
1.99869
1.99633
2.00099
1.99903
2.00092
2.00065
1.998
1.99965
2.0049
2.00224
2.00617
2.00254
1.99739
2.00205
2.00113
2.00068
2.00006
1.99774
1.99749
2.00557
1.99348
2.00192
2.00197
2.00576
2.00006
2.00063
2.0006
2.00149
1.99631
1.99537
1.99326
1.99439
1.99899
2.00288
2.00217
1.99531
1.99755
1.9937
2.00297
1.99525
2.00395
1.9986
1.99777
2.00593
2.00219
2.00613
1.99913
2.0001
2.00283
2.00209
2.00246
1.99856
2.00289
1.99679
2.00491
2.00044
1.99503
1.99565
1.99902
2.00204
1.99914
1.99996
1.99626
2.00144
2.00332
2.00068
2.00083
1.99876
1.99856
2.00033
2.00057
2.00125
2.00239
1.99754
2.00457
2.00178
2.00432
2.00142
2.00198
2.00208
1.99909
2.00559
1.99896
2.004
2.00018
2.00071
2.00134
2.00186
2.00344
1.99227
2.0004
1.9983
2.00179
2.0003
1.99853
1.99449
2.0055
1.99762
1.99902
1.99929
2.00121
1.99772
2.0034
2.00238
1.99791
1.99787
1.99867
1.99868
1.99785
1.99676
1.99678
2.00042
1.99576
2.00298
1.99663
1.9975
1.99348
2.0013
1.99923
2.00048
2.00078
1.99933
1.99468
2.00317
2.00067
2.00156
1.99745
1.99936
1.99418
1.99895
2.00077
2.00201
2.00283
2.00377
1.99858
2.00359
1.99368
1.99895
2.00474
2.00092
1.99574
1.99976
2.00391
1.99632
1.99719
2.00554
1.99598
1.99542
1.99866
2.00132
2.00289
1.99512
1.99823
1.99992
1.99945
1.99477
2.00136
2.00061
1.99611
2.00121
1.99622
1.99942
1.99325
2.00921
2.00136
1.99508
1.99973
1.99871
1.99445
1.99637
2.00043
2.00005
1.99553
2.00009
2.00262
2.00083
2.00109
2.00488
1.99911
2.00421
1.99892
2.00027
2.00379
2.00068
1.99559
1.99926
1.99518
1.99707
2.00207
1.99896
2.00477
1.99809
1.99602
2.0024
1.99828
1.9999
1.99902
1.99587
2.00347
2.00139
2.00168
1.99724
1.99708
2.00306
2.00046
2.00363
2.00141
1.99924
2.00065
2.00079
1.99781
1.99476
2.00335
1.99597
1.99719
2.00195
2.00139
2.00042
1.99465
2.00505
1.9983
1.99983
1.99702
2.00726
1.99309
2.00527
2.00091
1.99939
1.99276
1.99705
1.99818
1.99679
1.99867
2.00001
2.00238
2.00086
1.9964
1.99959
2.00195
1.99746
2.00065
1.99702
2.00492
2.0009
1.99898
1.99173
2.00359
2.00335
1.99641
1.99975
1.99845
1.99462
2.00159
1.99949
2.00096
1.99779
1.99815
2.00674
1.99877
1.9996
1.99972
2.00129
2.00146
2.00368
2.00101
1.99716
2.00189
1.9954
1.99997
1.99462
2.00164
2.00116
1.99182
1.99329
2.00595
1.99751
1.99763
1.99951
2.00317
2.00341
2.00374
1.9988
1.99805
2.00376
1.99878
2.00246
1.99994
1.99597
2.00045
1.99895
1.99865
1.99993
1.99807
1.99984
2.00214
2.00103
2.00245
2.00278
1.99671
1.99661
1.99745
2.00045
1.99469
2.00022
1.99663
2.00214
1.99825
1.99754
2.00684
2.00641
2.00155
2.0014
1.99902
2.00165
2.00024
2.00408
2.00357
1.99793
2.00494
1.997
2.00437
1.99903
2.00073
2.00147
1.99733
1.99848
1.99644
2.00236
1.99967
1.99808
1.99687
2.00311
2.00197
1.99759
2.00395
1.99831
1.99949
1.99526
2.001
2.00236
2.00447
1.99933
2.00006
2.00208
1.99992
2.00119
2.00096
2.00274
2.00028
2.0049
2.00085
2.00022
1.99856
1.99853
1.99985
2.00134
1.99693
1.99958
1.99774
2.00035
1.99828
2.0027
1.99698
2.00047
2.00123
2.00142
1.99928
1.99989
1.99705
1.99967
1.99791
1.99805
1.99843
2.00171
1.99684
2.00269
1.99734
1.99791
1.99479
2.00048
2.0016
2.00016
1.99819
2.00114
1.9948
1.99754
2.00334
1.99992
1.99348
1.99917
2.00094
2.0019
2.00221
2.00235
1.9983
1.9971
2.00456
2.00507
1.99708
2.00278
1.99872
1.99787
1.99913
1.9978
1.99934
2.00362
1.99984
1.99878
2.0015
2.00551
2.0013
2.00177
2.00345
2.00015
2.00154
1.99412
1.9999
1.99784
1.99726
2.00196
2.00164
1.9958
2.00135
1.99503
1.99965
1.99597
1.99713
1.99765
1.9985
2.00034
2.00273
2.00497
1.99614
1.99539
2.00335
2.00724
1.9977
2.0005
2.00586
1.99736
2.00113
2.00357
2.00026
1.99992
1.99792
2.00404
1.99889
2.00167
2.00436
2.00134
1.99805
1.99854
2.00494
2.0029
2.00479
1.9973
2.00433
2.00506
1.99995
1.99673
1.99596
1.99966
1.99831
2.00208
1.99797
1.99636
2.00208
2.00016
1.99734
2.00509
2.00552
2.0039
1.9991
2.0028
2.00082
1.99896
1.99964
1.99846
2.00353
1.99791
2.00441
2.00278
1.9996
1.99356
2.00116
1.99943
1.99989
1.99652
2.00424
1.99768
2.00115
2.00067
2.00567
1.99903
2.00357
1.99632
2.00295
1.99619
1.99465
1.99636
2.00058
2.00485
2.0014
2.00248
1.99659
1.99894
2.00369
2.00004
1.9998
1.99999
2.00014
1.99942
2.00642
2.00161
2.00566
2.00087
1.99435
1.99459
2.0046
1.99649
2.00136
2.00134
2.00034
1.99907
1.99794
1.99571
2.00295
2.00009
2.00403
1.99687
2.00015
2.00284
1.99811
1.99763
2.00189
1.99603
1.99884
2.00098
2.00032
2.00385
2.00199
2.00354
2.00372
1.99841
1.99911
1.9981
1.99757
1.9999
2.00205
2.00149
1.99981
1.99948
2.00155
2.00132
2.00398
2.00054
1.99787
1.99924
1.99675
1.99945
2.00313
1.99486
1.99778
1.99859
2.00149
1.99934
1.99556
2.00618
2.00012
2.00392
2.00312
1.9983
1.99784
1.99714
1.99789
1.99958
1.99667
2.00201
1.99352
2.00028
1.9977
1.99937
2.00445
1.99876
2.00016
2.00174
1.99723
1.99369
1.99909
2.00201
2.00145
2.00179
2.00297
2.00222
1.99643
1.99793
2.00431
1.99909
2.00018
2.00223
2.00202
1.99892
2.00132
1.99931
2.00388
2.00146
2.00117
2.00306
1.99629
2.00169
2.00268
1.99894
1.99972
2.00354
2.00373
2.00021
1.99565
1.9975
1.99802
1.99772
2.00199
1.99866
2.00224
2.00235
1.99832
2.00146
1.99738
2.00484
2.00303
2.00056
1.99792
1.99808
1.99834
1.99897
2.00267
2.00549
1.99829
2.00109
1.99726
1.99947
1.99445
1.99584
1.9967
1.99601
1.99988
1.99999
1.99758
1.99923
2.00422
1.99276
1.99876
2.00214
1.99581
1.99944
1.99239
1.99957
1.99873
2.0063
2.00162
2.00405
2.00348
2.0021
2.00408
2.00195
2.00071
1.99768
1.99879
1.99256
1.9988
1.99144
2.00051
2.00129
2.00408
2.00027
1.99687
2.00156
2.00447
2.00221
2.00489
1.99776
1.99991
1.99785
1.99545
2.00593
1.9994
2.00799
2.00082
2.00554
2.00568
2.00329
1.99698
1.99851
2.00003
1.9988
1.99704
2.00033
1.9997
2.00464
2.00396
2.00489
2.00082
1.99931
2.00127
1.9981
2.00118
1.99263
2.0006
2.00148
2.00053
2.00148
1.99962
1.99892
1.99508
1.99797
1.99857
1.99777
1.99998
2.00461
2.00046
1.99991
1.99835
1.9942
1.99901
1.99311
1.99964
2.00045
2.00158
2.00127
2.00134
1.99898
1.99918
1.99748
1.99879
1.99525
1.99506
1.99756
1.99724
2.00449
1.99706
2.00112
2.00037
1.99455
1.99884
2.00214
2.00523
1.99981
2.00233
1.99934
1.99952
2.00349
1.99668
1.99505
1.9923
1.99483
2.00125
2.00117
2.00409
1.99786
2.00145
1.99973
1.9998
2.00476
2.00022
2.00224
2.00027
1.99765
1.99969
1.99988
1.99518
1.99846
2.00163
1.99937
1.99828
2.00314
1.9971
1.99817
1.99867
2.00033
2.00184
1.99743
2.00344
2.00526
2.00392
1.99475
1.99741
1.99546
1.99755
1.99847
1.99558
2.00419
2.00571
2.00225
2.00627
1.99665
1.9993
1.99895
2.00374
1.99794
1.99714
1.99633
1.99753
2.00429
1.99988
2.00089
1.99918
1.99566
2.00117
2.00065
2.00256
1.99617
2.00677
1.99981
1.99842
1.99897
2.0081
1.99623
2.00146
1.99949
1.99698
1.99839
1.99841
2.00245
2.00349
2.00369
2.00301
1.99996
1.99436
2.0034
2.003
2.00136
2.0006
1.99766
1.99935
1.99695
1.99679
1.9986
2.00109
2.00004
2.00108
1.99803
2.00389
2.00139
2.00095
2.00236
1.99571
2.00239
1.99464
1.99394
1.99839
1.99874
1.99838
2.00135
2.00092
2.00088
2.00476
1.99856
1.99269
2.00308
1.99623
2.00006
2.00251
2.00323
1.9961
1.99652
2.00117
1.99691
1.99921
2.00594
1.99719
2.00343
2.00016
2.00298
2.00077
1.99972
1.99964
2.00118
2.00766
2.00093
2.00368
2.00003
2.00022
1.99553
1.99918
2.00031
1.99978
2.0017
2.00306
1.99847
2.00172
2.00258
1.9974
2.0019
1.99694
1.99765
1.9966
1.99616
2.00093
2.00211
2.00053
1.99617
1.99736
2.00398
2.00445
1.99997
2.00149
1.99907
1.99797
2.00018
1.99992
2.00141
2.00177
2.00026
1.99819
2.00065
2.00576
2.00122
2.00308
1.99469
2.00234
2.00103
1.99987
2.0018
1.9998
1.99779
1.99919
1.9901
2.00202
1.99655
2.00087
2.00227
2.00512
2.00253
2.0008
2.00373
2.0019
2.00481
2.00452
1.9958
2.00056
2.00275
2.00191
1.99782
2.00338
1.99815
1.99635
1.99543
2
1.99699
2.0003
1.9993
1.99817
2.00683
2.00029
1.99851
1.99668
2.00026
1.99813
2.00198
1.99914
2.00085
2.00275
1.99321
2.00443
1.99917
1.99894
2.00553
1.99639
1.99654
1.99957
2.00073
1.99958
2.0007
1.99992
2.00326
2.00216
1.99672
1.99861
1.99512
2
1.99905
1.99299
1.99779
1.99763
1.99672
2.00048
2.00118
1.99987
1.99627
2.00034
2.00435
2.00133
2.00146
1.99829
1.99767
2.00348
2.00242
2.00444
1.99853
1.99921
2.00207
1.99835
1.99803
1.99282
1.99895
1.99697
1.99459
1.99586
1.99999
1.99841
2.00116
1.998
2.00129
2.00366
2.00237
1.99907
2.00038
1.9973
1.99709
1.99612
2.00221
2.00078
2.00052
1.99863
2.00092
2.0039
1.99861
2.0018
1.99933
1.9968
1.99766
2.00046
1.99949
1.99955
2.00294
1.99838
1.99789
2.00326
1.99985
2.0035
2.0009
2.00279
1.99626
2.00193
2.00401
2.00489
2.00411
2.0009
2.0027
1.99612
1.99626
2.00087
2.00562
1.99786
2.00058
1.99647
1.99649
1.99649
2.00081
2.00414
1.99905
1.99798
2.00079
2.00177
2.00335
2.00477
1.9992
1.99835
1.99911
1.99973
2.00051
2.00038
1.99512
1.99217
2.00126
1.99583
2.00641
2.00637
2.00104
1.996
2.0054
2.00343
2.00487
2.00049
1.99853
2.00082
1.99559
2.00229
1.99987
1.99744
2.00071
1.99881
1.99933
2.00094
1.99854
1.99601
2.00316
1.99901
1.99965
1.99473
1.99181
2.00176
1.99825
2.00004
2.00152
1.99691
1.99736
1.99844
2.00563
1.9968
1.99941
1.99811
1.9985
1.9966
2.00042
1.9987
2.00102
1.99614
1.99766
2.0028
1.99937
1.99714
1.99835
1.99977
2.00048
1.99983
2.00012
1.99911
1.99462
1.99561
1.99991
2.00063
2.00481
2.00312
2.00448
2.00392
1.99923
2.00086
2.00021
1.9978
2.00023
1.99749
2.00192
2.0017
1.99653
2.00081
2.00147
1.99898
1.99938
2.00692
2.00212
1.99419
2.00174
2.00904
2.00097
2.0035
1.99824
2.00427
1.99878
1.99983
2.00075
1.99671
2.0007
2.00044
2.00215
1.9979
2.00437
1.99363
2.00086
1.9979
1.99923
1.99807
1.99674
2.00031
1.99907
1.9968
2.00135
2.00178
1.99875
2.00755
1.9969
1.99769
2.00115
2.00088
1.99733
2.00019
2.00341
2.00043
2.00087
2.00045
1.99953
1.99933
2.00009
1.99414
1.99616
2.00155
2.00102
2.00659
2.00194
1.9999
1.99979
1.9968
1.9992
1.9925
2.00007
1.99618
2.00205
2.00123
1.99814
1.99546
2.00128
