1.99976
1.99967
1.99896
2.00037
1.99842
1.99846
2.0005
2.00082
2.00066
2.0006
1.9977
2.00092
2.00017
2.00025
2.0001
2.00219
2.00077
1.99938
1.9991
1.99781
2.00122
2.00072
1.9988
1.99968
1.99997
2.00116
2.00059
2.00066
1.99776
1.99919
2.00023
2.00014
1.99978
1.99935
2.00074
1.99953
1.99907
2.00154
2.00038
2.00033
2.00075
1.99941
2.00015
2.00049
2.00139
2.00181
1.99944
2.00023
2.0015
2.00021
2.00047
1.99931
2.00094
1.99821
2.00007
2.00074
2.00147
2.00013
1.99962
2.00147
2.00101
1.99893
2.00146
1.99925
1.99989
1.99938
1.99946
1.99884
2.00036
1.99855
1.99959
2.00048
2.0009
1.99986
2.00046
2.00091
1.99887
2.00064
2.00045
2.00122
1.99704
1.99999
1.99967
2.00014
2.00106
1.99887
1.99921
1.99928
2.00067
1.99899
2.00094
1.99925
1.99985
2.001
2.0002
2.00039
2.00063
2.0011
2.00088
2.00082
1.99823
2.00066
1.99988
2.00171
1.99997
1.9993
2.00114
1.99834
2.00197
2.00131
1.99994
2.00223
1.99981
2.00081
2.0004
2.00058
1.99987
2.00116
1.99967
2.00033
2.00036
2.0009
1.99879
2.00054
1.99985
1.99824
1.99933
1.99926
2.0003
2.00135
2.00011
1.99936
2.00063
2.00082
2.00031
2.00073
2.00053
2.00017
1.99992
1.99994
1.99915
1.99959
2.00036
1.99965
2.00094
1.99964
2.0012
1.99993
1.99889
2.00137
1.99972
1.99906
1.9994
2.00073
2.00125
1.99865
2.00018
1.99993
2.00091
2.00039
1.99986
2.00078
2.00283
2.00058
2.00112
1.99946
1.99813
1.99826
2.00013
2.00079
1.99953
2.00087
1.99917
1.99988
2
1.99915
1.99957
2.00106
2.00009
1.99886
2.00072
1.99925
2.00001
2.00168
1.99927
1.99932
2.00207
1.99782
2.00018
1.99926
1.9996
2.00097
1.99927
1.99963
1.99975
1.99992
2.00031
2.00021
1.99994
2.00002
1.99967
1.99852
2.0007
1.99962
2.0021
2.00085
2.00046
2.00023
1.9991
1.99769
1.99968
1.99979
2.00054
1.99862
2.0008
1.9997
2.00119
1.99925
1.99824
1.99732
1.99863
2.00124
1.99931
2.00084
1.99907
1.99979
2.00175
2.00106
2.0008
1.99986
2.00106
2.00037
1.99938
2.00027
1.99916
1.99958
2.00044
1.998
2.00055
2.00229
2.002
1.99887
2.0004
1.99955
1.99888
2.00151
2.00138
1.9995
2.00094
1.99881
1.99954
1.9999
2.00044
1.99981
1.99904
1.99995
1.99869
1.99915
1.99882
2.00074
2.00054
2.00071
1.99981
1.99995
1.99985
2.00207
2.00021
1.99647
2.00021
2.0013
1.99902
1.99957
2.00171
1.99893
1.99947
2.00113
1.9982
1.99855
2.00086
1.99993
1.9999
1.99956
2.00004
2.00033
2.00114
1.99845
2.00048
2.00006
1.99867
1.99925
1.9989
1.9995
2.00045
1.99794
1.99911
2.00124
2.00097
2.00174
2.00136
1.99938
2.00163
2.00092
1.99802
2.00119
1.99962
1.99751
1.99841
1.9993
2.00023
1.99977
2.00032
2.0002
1.99905
1.99754
1.99897
2.00022
2.00084
1.99967
2.00137
1.99923
2.00021
2.00117
2.00072
2.00011
2.00088
1.99931
1.99996
1.99963
2.00133
1.9986
1.99935
2.00079
2.00039
2.00011
2.00079
2.00039
1.99909
2.00094
1.99947
2.0019
2.00139
2
1.99972
1.99868
1.999
1.99979
2.00018
2
1.99973
2.00012
1.99951
1.9991
2.00128
2.00136
2.00033
1.99948
1.99957
1.99945
1.99949
2.00009
2.00191
1.99966
2.00134
2.00077
2.00062
1.99886
1.99969
1.99946
2.00144
1.99846
1.99951
2.00012
2.00057
1.99847
1.99954
1.99921
2.00055
2.00144
1.99993
2.00005
2.00113
2.00062
1.99917
1.99956
1.99891
1.99905
2.00083
1.99945
1.99983
2.00136
1.99983
2.00017
1.99829
2.00098
2.00121
1.99827
1.99981
1.99963
1.99987
1.99984
2.00003
1.99892
1.99838
1.99868
2.00036
1.99946
1.99948
2.00029
2.00146
2.00058
1.99898
2.00085
2.00042
1.99999
1.99845
1.99946
2.00122
1.9986
1.99866
2.00081
1.99902
2.00081
1.99959
1.99949
2.00047
2.00096
1.99982
2.00139
2.00151
1.99929
1.99949
2.00138
1.99962
1.99943
2.00116
1.99969
1.99897
1.99973
2.00206
1.99862
2.00005
1.99956
2.00063
2.00097
1.99979
2.00046
2.00064
2.00019
1.99918
2.002
1.99952
1.99919
1.99974
1.99921
1.99983
1.9998
2.00029
1.99729
2.00095
1.99864
1.99966
1.99894
1.9999
2.00041
1.9997
2.00112
1.99908
1.99879
2.00009
1.99793
2.00084
1.99882
2.00056
1.9994
2.00048
1.99973
2.00014
2.00006
2.00104
2.00074
2.00056
1.99969
1.99956
1.99999
1.99965
2.00133
1.99938
1.99885
2.00077
2.00014
1.99783
2.00088
2.00025
1.99997
2.00094
2.00089
1.99908
1.99905
2.00112
1.99961
1.99992
1.99989
1.99891
1.99991
1.99894
2.00145
2.00184
1.99767
1.99923
2.00131
2.00097
1.99883
2.00011
2.00052
2.00102
2.00041
1.99906
2.00155
2.00007
1.99796
1.99842
2.00039
1.99974
2.00035
2.00081
2.00098
1.99941
1.99983
2.00094
2.00088
2.00073
1.99989
2.0001
2.00138
1.99961
2.0001
1.99975
2.00235
2.00033
1.99929
2.00048
1.99782
1.99997
1.99929
1.9977
2.00105
2.0002
2.00141
2.00036
2.00045
2.00121
2.00075
1.99969
2.00062
2.00059
2.00027
2.00029
1.99969
1.9987
2.00095
2.00027
2.00015
1.99763
1.99948
2.00072
2.00035
2.00031
2.00172
2.00063
2.0012
2.00058
2.00007
1.99857
1.9995
2.00011
2.00112
2.00175
2.0018
2.00113
1.99941
1.99985
2.00082
1.99893
2.00022
1.99837
1.99841
1.99839
1.99875
1.9987
1.99951
2.0012
1.99987
2.0009
1.99899
1.99908
2.00238
2.0004
1.99821
1.99752
2.00089
1.99961
2.00035
2.00138
1.99892
1.9986
2.00074
1.99929
2.00052
2.00083
1.99983
2.00063
1.99889
1.99989
2.00081
2.00044
1.99951
2.00057
1.99984
1.99897
1.99847
1.99945
2.00012
1.99997
1.99865
2.00012
2.0027
1.99989
1.99889
2.00045
2.00105
1.99868
2.0011
2.00118
1.99899
2.00083
2.00203
1.99939
2.00036
2.00038
2.00029
1.99984
1.99993
2.00093
2.00194
1.99968
1.99933
2.00181
2.00159
2.0011
1.9996
1.99899
2.00113
1.99929
1.99961
1.99944
1.99842
1.99825
1.99994
1.99732
1.99999
2.00027
1.99858
2.00094
2.00115
2.00128
2.0002
2.0005
2.00079
1.99954
1.99996
2.00056
2.002
2.00119
1.99969
1.99958
1.99988
1.99826
1.99965
2.00105
1.99934
1.99869
2.00033
1.99929
2.00124
1.99994
2.00072
2.00019
2.00126
2.0008
1.99987
2.00018
2.00007
1.99927
2.00054
2.0002
1.99838
2.00106
1.99847
1.99982
1.99979
1.99972
2.00001
2.00126
2.00086
1.9994
1.99853
1.99843
1.99991
2
2.00048
1.99911
1.99866
2.00045
1.9998
1.99857
2.00036
2.0012
1.99958
1.99822
2.00052
1.99836
2.0002
1.99981
1.99992
2.00164
2.00066
1.99831
2.00096
2.00018
1.99958
2.00068
2.00165
1.99941
1.99902
1.99948
1.99857
2.00055
1.99982
1.99897
2.00048
2.00055
2.00019
2.00052
2.00016
1.99828
2.00179
1.99997
1.99875
2.00042
1.99934
2.00085
1.99819
1.99991
2.00096
1.99999
2.00146
2.00009
1.9996
2.00051
2.00187
2.00207
2.00225
2.00019
2.00149
2.00062
2.00002
1.99875
1.99952
2.00055
2.0001
1.99934
1.9997
2.00168
2.00101
1.9982
1.99999
2.00045
1.99869
2.00003
1.99964
2.00029
2.00152
2.00003
1.99821
2.0009
1.99837
1.99992
2.00062
2.00106
1.99775
2.0001
2.00136
1.99983
2.0008
2.00053
2.00105
1.99846
1.99978
2.00049
1.99976
1.99975
1.99968
2.00029
2.00095
1.99975
2.00102
2.00089
1.9995
2.00069
2.00144
1.99993
1.99977
2.00076
2.00056
2.00022
2.00133
1.99889
2.0014
1.99943
2.00124
2.00037
2.0002
2.00124
1.99988
2.00133
2.00166
2.0002
2.00136
2.00004
2.00264
2.00002
1.99926
1.99926
1.99933
1.99891
2.00129
1.99923
1.99901
1.99926
2.00009
2.00074
1.9989
2.00089
1.99895
1.99916
2.0004
1.99957
2.00021
2.00098
1.999
1.99966
2.00005
1.99979
1.99941
2
2.00021
1.99936
1.99982
1.99967
2.00006
2.00085
2.00035
2.00094
1.99987
1.9991
2.00173
1.99985
1.99885
1.99965
2.00146
1.99997
1.99834
1.99997
1.99849
2.00063
1.99867
2.00083
2.00074
2.00076
2.00043
1.99911
2.0003
2.00024
1.99915
1.99893
2.00039
1.99929
2.0002
1.99963
2.00027
2
1.99895
2.00135
1.9994
2.00044
1.99765
2.00059
2.00154
2.0002
2.00068
1.99943
2.00082
2.00179
1.99852
1.9996
2.00025
1.99957
1.99895
2.0002
1.99936
1.99951
2.00093
2.00085
2.00071
2.00073
2.00029
2.00126
1.99833
1.99962
1.99796
2.00151
2.00003
1.99905
2.00077
2.00029
1.99835
1.99949
1.99878
2.00013
1.99922
2.00074
1.99978
1.99964
1.99863
1.99752
1.99863
1.99953
1.99976
1.99985
1.99875
2.00051
1.99835
2.00009
2.00148
2.00025
2.00105
1.99991
1.99984
1.99823
2.00078
1.99928
2.00059
2.00223
1.99817
1.99936
2.00136
2.0012
1.99906
1.99967
1.99872
1.99951
1.99997
2.00143
1.99846
2.00071
1.99819
2.0007
2.0001
2.00106
2.00038
1.99989
2.00011
1.99856
2.00106
1.99918
2.00063
2.00206
2.00229
2.00007
1.99994
2.00072
2.00029
1.99984
1.99785
2.00178
2.00113
1.99983
1.99935
2.00079
1.9991
1.99972
2.00005
2.00084
1.99842
2.00056
1.99968
1.99961
1.99998
1.99981
1.99942
1.99997
1.99911
1.99991
2.00085
1.99816
1.99971
1.99929
2.00133
1.99969
1.99881
1.99991
1.99974
1.99986
2.00075
2.00135
2.00043
2.00097
1.99984
1.99975
2.00064
2.00033
1.99881
1.99878
2.00022
1.99948
1.99994
2.00024
2.00063
1.99957
1.99774
1.99712
1.99929
2
1.99943
2.00057
2.00091
1.9993
2.00044
2.00043
1.99848
2.00044
1.99922
1.99973
2.00019
2.00043
1.99836
1.99959
1.99925
1.99982
2.00001
2.00196
1.9997
1.99945
2.00101
1.99891
1.99963
2.00087
1.99927
2.00184
2.00029
1.99776
1.99887
1.99978
2.00119
2.0017
1.9987
1.99856
2.00037
2.00092
2.00056
1.99973
2.00115
2.00096
1.99831
1.99897
2.00035
2.00181
1.99846
2.0009
2.00057
2.00128
2.00063
1.99917
2.00139
2.00092
2.00099
2.00062
2.00088
1.9999
1.9998
2.00013
2.0002
1.99943
1.99993
2.00037
2.00102
2.00099
2.00079
1.99944
2.0001
1.99854
1.99878
2.00117
1.99826
1.99981
2.00312
1.99993
1.99987
2.00063
2.00207
1.99952
1.9984
2.00105
1.99911
2.00024
2.00017
2.0008
1.99996
1.99867
1.99903
2.00013
1.99939
2.00124
1.99975
2.0012
2.00027
1.9995
1.99986
2.00044
2.00041
1.998
1.99909
2.00136
1.99941
1.99997
1.99976
2.00014
2.00087
2.00087
1.99891
2.00029
2.00079
1.99893
2.00096
2.00103
2.0005
1.99967
2.00096
2.00026
2.00003
2.00021
2.00022
1.99936
2.00024
1.99981
2.00029
2.00044
1.99956
1.99926
1.99969
1.99979
1.99903
2.00059
1.99828
1.99946
1.9999
1.99914
1.99929
1.99949
2.00006
1.99844
1.99951
1.99903
1.99998
1.99985
1.99926
2.00047
1.99937
1.99957
1.99966
2.00087
1.99984
1.9993
1.9997
1.99953
1.99991
1.99944
1.99862
1.99968
2.00114
2.00101
2.00036
2.00056
1.99925
2.00082
2.00279
2.0001
1.99944
1.99971
2.00061
1.99876
2.00086
2.00176
1.99996
2.0016
1.99971
1.99962
2.00169
1.99966
2.00034
1.9993
2.00009
1.99894
2.00099
2.00139
2.00148
2.00001
2.00023
1.99962
1.99927
1.99987
2.00026
1.99928
1.9997
2.00145
2.00157
1.999
1.99928
2.00022
2.00158
2.00127
2.0014
2.00046
2.00088
2.00042
1.99975
1.99897
2.00004
2.00086
1.99994
1.99974
1.9993
2.00056
2.00056
1.99961
2.00008
1.99996
2.00064
2.00008
2.00069
1.99833
2.00103
1.99954
2.00317
2.00095
1.99894
1.99968
1.99946
2.00026
1.99858
1.99894
2.00011
2.00127
1.99972
2.00146
2.00029
1.99949
2.00073
2.00096
2.00039
1.9993
1.99952
1.99973
1.9996
1.9973
1.99916
2.00028
2.001
2.00015
1.99949
2.00124
2.00134
1.99956
2.00211
2.00057
2.00158
1.99842
2.00123
1.99926
2.00101
2.00096
2.00062
2.00284
2.0012
2.00023
2.00042
2.00024
2.00046
1.99956
2.00063
2.00082
1.99818
1.99901
1.99873
2.00057
2.0006
2.00147
2.00036
2.00104
2.00063
1.99784
2.00137
1.99985
1.99896
2.00092
2.00034
1.99986
2.00022
2.0005
2.00061
2.00003
2.00054
1.99932
2.00106
1.99997
1.99907
1.99884
1.99872
2.00022
1.99835
1.99994
1.99913
2.0004
1.99936
1.99925
1.99813
1.99943
1.99965
1.99986
1.99943
2.00121
2.00069
1.99987
1.99863
2.00101
1.99955
1.99988
2.00075
2.00035
2.00137
1.99881
2.00143
1.99971
2.00029
2.00048
2.00029
2.00018
2.00027
2.00063
2.00185
2.00026
1.99988
2.00137
2.00112
1.99972
1.99942
2.00009
2.00009
1.99891
2.00095
1.99971
1.99902
1.99895
1.99874
1.9979
2.00045
2.00141
2.0001
2.00079
2.00063
2.00116
1.99932
2.00003
2.00076
1.99868
1.99822
1.99994
2.00179
2.00267
2.00081
2.00102
2.00083
1.99985
1.99876
2.00119
1.99943
1.99935
2.00084
1.99982
1.99974
1.99971
2.00043
1.99917
2.00109
2.00072
2.00168
1.99965
2.00009
1.99889
1.99955
1.99939
1.99917
2.00068
2.00023
1.9994
1.99984
1.99813
1.99873
2.00168
2.00062
2.00123
1.99873
1.99844
2.00145
2.00121
2.00085
1.99898
1.99963
1.99912
1.99841
1.99781
2.00126
2.00117
2.00014
1.99929
2.00005
1.99936
1.99982
1.99838
1.99972
2.00007
1.99951
2.0003
1.99932
1.99939
2.00054
1.99869
2.00052
1.9986
1.99984
2.00109
2.00034
1.99862
1.99885
2.00029
1.99955
2.00029
2.00017
2.00062
1.99985
1.99905
2.00106
1.9993
1.99772
1.99999
2.00057
2.00024
1.99785
2.00039
2.00116
1.99899
2.00058
1.99947
1.99979
2.00002
1.99993
2.00105
1.9998
2.00032
2.00023
1.99823
2.00036
1.99835
1.99978
1.9998
2.00099
1.99923
2.00095
2.00082
2.00035
1.99746
2.00046
1.99962
2.00057
2.00058
1.9985
2.00021
2.00019
1.99948
1.9997
2.00167
1.99907
2.00045
2.00029
1.99959
1.99871
1.99919
2.00007
1.99998
1.99957
2.00123
2.00096
2.00056
1.99997
2.00149
2.00004
2.00114
1.99965
1.99993
2.00185
1.99904
2.0014
2.00055
2.0003
2.00203
2.00009
2.00051
1.99978
2.00188
1.9992
2.00001
1.99948
2.00046
2.00095
2.0003
1.99979
1.9993
1.99946
1.99877
2.0017
1.99944
2.00088
1.99981
2.00062
1.99969
2.00113
2.0012
1.99847
1.99929
2.00001
1.9998
2.00002
1.9998
1.9978
2.00012
2.00027
2.00156
1.99841
2.00133
1.99968
1.99968
2.00066
1.99935
2.00163
2.00015
1.99827
2.00191
1.99963
1.99954
1.99913
2.00061
1.99744
1.99825
2
2.0006
1.99925
2.00129
2.00054
1.99997
2.0001
1.99961
1.99951
2.00035
1.9993
2.00093
2.00013
1.99937
1.99892
1.999
1.99766
1.99924
1.99904
1.99961
1.99928
1.99943
1.99977
1.99834
2.00107
2.00075
2.00038
1.99948
1.99927
2.00006
2.00035
1.99981
1.99831
1.99944
2.00043
2.00281
1.99969
1.99865
1.99819
1.99948
2.00017
2.00025
1.99913
2.00073
2.00097
1.99936
1.99993
1.99843
2.00052
1.99772
1.99981
1.99957
1.99944
1.99803
2.00068
2.00152
2.0012
1.99978
2.00035
2.00107
1.99977
1.99932
1.99869
1.99791
2.00092
1.99851
1.99857
2.00035
1.99951
1.99936
1.99871
1.99986
1.99908
2.00039
1.99902
1.99862
1.99851
1.99677
2.00003
2.0013
1.99926
2.00042
1.99798
1.99998
2.00006
1.99888
2.00095
2.00112
2.0017
2.00075
2.00012
1.9986
1.99928
1.99971
2.00042
2.00204
1.9999
1.99863
1.99913
1.9994
1.99953
1.99903
2.0006
1.99941
1.99934
1.99996
1.99926
2.00019
1.99876
2.00061
2.00115
2.00097
2.00117
1.99919
2.00128
2.00046
2.00163
1.99998
2.00131
2.00009
2.00074
2.00047
2.00102
2.00151
2.00067
1.99816
1.99944
2.00158
2.00003
1.99966
2.00044
2.00032
1.99985
2.00019
1.99821
2.00132
1.99933
1.99976
2.00009
1.99915
1.99902
1.99947
1.99923
2.00106
1.9985
2.00053
1.99987
1.99861
1.99981
2.00035
2.00007
1.99981
1.99998
2.00022
1.99875
1.99981
2.00002
2.00149
2.00118
2.00078
1.9999
1.99927
1.99955
1.99814
1.99896
1.9985
1.99952
1.999
1.99996
2.0007
2.00183
2.00079
1.99858
1.99771
2.00049
2.00058
1.99909
1.99909
2.00301
1.99861
1.99988
2.00142
2.00019
2.00092
2.00097
1.99936
2.00015
2.00183
1.99768
2.00002
1.99791
2.00021
1.99953
1.99989
2.00173
2.00027
2.00016
1.99994
1.99913
1.99968
1.9993
2.00163
2.0014
1.99846
1.99898
1.99865
2.00144
2.00114
1.99863
1.99859
1.99774
2.00001
2.00001
1.99956
2.00068
2.00113
1.99969
1.99961
1.99816
1.99991
1.99975
2.00034
2.00099
2.00108
2.00122
2.00025
2.00001
2.00137
2.00156
2.00166
2.00054
2.00079
1.99898
1.99954
2.00023
1.99993
1.99854
2.0009
2.00067
2.00066
2.00082
2.00081
2
1.99959
1.99993
2.00125
1.99875
1.99957
2.00258
2.00002
1.99902
1.99976
2.00032
1.99872
1.99951
2.00177
1.99974
2.00053
1.99916
2.00019
2.00042
1.99981
1.9998
1.99993
1.99973
2.0022
2.0003
2.00147
1.99934
1.99917
2.00024
2.00129
1.99993
1.999
1.99857
2.00145
1.9996
2.00111
1.99855
1.99902
2.00113
2.00033
2.00055
2.00055
1.99959
1.9986
2.00231
1.99838
2.00006
2.00094
2.00067
2.00069
2.00052
1.99983
2.00061
1.99935
1.99965
1.99933
2.00149
1.99945
1.99987
1.99838
1.99952
1.99872
1.9977
2.00072
1.99872
1.99827
1.99932
1.99928
1.99944
1.99864
2.00075
2.00006
1.99997
2.00049
2.00107
1.99987
1.99965
1.99951
1.99903
2.001
1.99958
2.00114
1.99828
2.00058
2.00031
1.99898
2.00087
2.00046
2.00026
1.99949
2.00089
2.00044
1.99964
1.99934
2.00044
1.99971
2.00242
1.99909
1.99959
1.99902
2.00113
1.99991
2.00032
2.00111
1.99974
2.00006
1.99931
2.00071
2.00019
1.99851
2.00031
1.99919
2.00035
1.99907
2.00251
1.99974
2.0013
2.00024
2.00095
1.99871
1.99866
2.00015
2.00007
1.99935
2.00233
2.00047
2.00074
1.99934
2.00234
2.00022
2.00125
2.00082
2.00247
2.00149
2.00008
1.99976
2.00073
2.00096
1.99878
2.00084
1.99906
1.99864
1.99967
1.99903
2.00172
1.99942
1.99926
1.99994
2.00145
2.00242
1.99942
1.99872
2.00001
2.00087
2.0011
2.00011
1.99951
2.00068
2.00092
1.99976
1.99998
2.00053
1.99973
2.00063
1.99938
2.00184
1.99982
1.99915
2.00031
2.00073
1.99998
1.99874
1.99896
1.99976
1.99954
1.99915
2.00033
2.00058
2.00157
2.00317
1.99942
2.00123
2.00063
2
2.00028
1.99926
1.99971
1.99933
2.00218
2.00018
2.00005
2.00037
2.00132
2.00207
2.00038
1.99915
1.99913
1.99866
2.00199
1.99998
1.99991
2.00142
1.99853
2.00031
1.99933
1.99924
1.99947
2.0014
2.00108
2.00005
2.00117
2.00002
2.00057
2.00133
2.00084
2.00128
1.9997
2.00017
2.00002
2.00112
2.00083
2.00154
1.99997
1.99951
2.00089
1.99915
1.99877
1.99916
2.00042
2.00038
1.99827
1.99996
1.99924
1.99933
1.99917
2.00018
1.99964
1.99935
1.99891
1.99944
1.99981
2.00167
2.00106
1.99936
1.99992
2.00072
1.99947
1.99989
1.99987
1.99994
2.00053
1.99804
2.00082
1.99885
2.00011
2.00017
2.00184
1.99966
2.00101
1.99829
2.00111
1.99981
2.00178
2.00029
2.00074
1.99933
2.00021
2.00063
1.99935
1.99972
2.00167
2.00069
2.00043
1.99897
1.99851
1.99969
1.99913
2.00208
1.99943
2.00219
2.00059
2.00108
1.99963
1.99991
1.99934
1.99987
1.99848
2.00109
1.99986
2.00086
2.00094
1.99928
2.00105
2.00164
1.99795
1.99906
2.00027
1.99945
2.00003
1.99997
1.99859
2.00003
2.00054
1.99789
2.00115
1.99889
2.00109
1.99954
2.00065
1.99885
1.99862
1.99963
2.00013
1.9998
1.99976
2.00119
1.99926
1.99992
1.9991
2.00195
1.99988
2.00124
1.99988
1.99985
2.00161
2.00078
2.00206
1.9985
1.99925
1.99965
1.99879
1.99927
2.00073
1.99992
2.00107
2.00021
1.99967
2.00093
1.99875
1.99883
1.9989
1.99909
2.00091
2.00076
2.00063
1.9988
2.00015
1.99891
2.00166
2.00006
1.99847
1.99968
2.00173
1.99874
1.99969
1.99971
1.99873
1.99925
2.00089
1.99998
2.0014
1.99909
2.00099
2.00099
1.99884
1.99967
2.00069
1.99989
2.00089
2.00121
2.00099
1.99875
2.00068
2.0009
2.00084
1.99989
1.9996
1.99939
1.99932
1.9995
1.99824
1.99993
1.99925
1.99803
2.00146
2.0014
2.00098
1.9992
2.001
2.00034
2.00046
1.9987
2.00119
1.99978
2.00122
2.0013
1.99975
1.99964
1.99835
1.9999
2.00093
2.00163
1.99883
2.00048
2.00004
1.99923
1.9995
1.99894
1.99886
2.00061
1.99964
2.00026
2.00052
2.00007
1.99928
1.99986
2.00021
2.00127
1.99998
2.00035
2.00202
1.9997
2.0007
2.0007
2.00045
2.00025
1.99899
2.00071
1.99934
1.99941
2.00036
1.99836
2.00014
2.00055
2.00025
1.99951
2.00039
1.9985
2.00088
1.99837
2.00155
1.99779
1.99858
2.00047
1.99975
1.99938
1.99929
2.00041
2.00099
1.99942
2.00059
2.00133
1.99858
1.99926
1.99865
2.00112
2.00029
2.00192
1.99965
2.00021
2.00002
2.00017
2.00094
1.99865
2.00131
2.00062
1.99956
2.00192
2.00098
1.99979
1.99951
2.00217
1.99728
1.99992
2.00023
2.0013
1.9989
2.0006
2.0007
1.99927
2.00088
1.99979
1.99824
2.0013
1.999
2.0001
1.99781
1.99952
1.99983
1.99882
1.99892
1.99815
1.99973
1.99973
1.99981
1.99963
2.0006
1.9999
2.0005
1.99998
2.00017
2.00121
1.99811
2.00111
2.00091
2.00101
1.99883
1.99839
1.99931
2.00159
1.99976
1.99895
1.99931
1.99959
1.99952
1.99941
2.00055
2.00051
2.00043
1.99912
2.00103
1.9995
2.00045
1.99808
1.99981
1.99988
1.9992
1.99789
2.00054
2.00223
2.00063
2.0003
2.0006
2.00083
2.00037
2.00055
1.99857
1.99699
2.00135
1.99899
1.9988
1.99888
2.00023
2.00025
2.00144
1.99923
1.99774
1.99898
1.99962
1.99985
1.99909
1.99943
1.99835
2.00055
1.9998
2.00105
1.99838
1.99962
2.00031
1.99917
2.00121
2.00028
2.00006
2.00131
2.00016
1.99918
1.99969
2.00103
1.99945
1.99952
1.99969
1.99683
1.99964
1.99949
2.00057
2.00028
2.00027
1.9999
2.00056
1.99898
2.00113
2.00118
1.99846
1.99924
2.00228
1.99992
1.9997
1.99998
2.00077
1.99939
2.00058
2.00021
2.00006
1.99994
1.99899
2.00175
2.00091
2.0022
2.00102
1.99845
1.99827
2.00011
2.0001
1.99895
1.99944
2.00013
1.99924
1.99946
1.99983
1.99993
2.00021
2.00159
1.99897
2.00007
1.99949
2.0001
1.99871
2.00099
1.99909
1.99935
1.99881
1.99974
2.00012
2.00073
1.99953
1.99963
2.00066
1.99904
1.99845
1.99931
1.9988
2.00091
2.00075
2.00049
2.0007
1.99864
2.00044
1.99612
2.00095
2.00004
2.00003
1.99948
2.00081
2.00064
2.00188
1.99997
1.99944
2.00115
2.00032
2.00148
1.99992
1.99911
2.00155
1.99982
1.99882
2.00051
1.99988
2.00085
2.00151
1.9991
1.99943
2.00203
1.99872
2.0015
1.99983
1.99875
1.99939
1.99981
2.00113
2
1.99976
1.999
2.00014
1.99857
2.00089
1.99943
2.00028
1.99874
2.00018
1.99983
2.00003
1.99986
1.99911
1.99966
1.99855
2.00033
1.99998
1.99937
1.99945
2.00125
2.00037
2.00026
1.99769
1.9996
2.00052
1.99921
2.00242
2.00028
2.00054
1.99928
1.9982
1.99984
1.99994
2.00088
2.00032
2.00037
1.99923
1.99781
2.00118
2.00044
1.99795
2.00065
1.99967
1.99991
2.00152
2.00195
2.00046
2.00148
1.99861
2.00083
1.99848
1.99881
1.99959
1.99957
2.00026
1.99897
1.9992
1.99928
1.99965
2.0005
1.99859
1.99879
1.99845
1.99968
2.00085
2.0002
2.00106
2.00022
2.00073
2.0006
2.00145
2.00089
2.00045
1.99839
1.99981
1.99981
1.99974
1.99863
1.99877
2.00059
1.99985
1.99943
1.99852
1.99925
2.00055
2.00061
2.00112
2.00026
1.99946
1.99859
2.00024
1.99928
2.00116
2.00197
2.00103
2.00107
2.00171
2.00008
2.00034
1.99965
1.99949
2.00056
2.0004
2.00134
2.00048
2.00023
1.99945
1.99955
1.99767
2.0003
1.99977
1.99982
1.99827
2.00212
2.00102
1.99996
2.00126
2.00121
1.99981
2.00165
2.00042
1.99915
1.99845
2.00033
1.99992
2.00142
1.99837
2.00068
1.99907
2.00188
2.00187
1.999
2.00068
2.00101
2.00078
2.00077
1.99948
1.99979
1.99973
1.99909
2.00088
2.00115
2.00128
2.00061
2.00084
1.99917
2.00114
1.99991
2.00144
1.99963
1.9993
2.00031
1.99969
1.99931
1.99868
1.99876
1.99964
1.99919
1.99954
1.99835
2.00081
2.0001
2.00044
1.9994
2.00106
1.99796
1.99966
2.00092
1.99892
2.0003
2.00188
1.99872
2.0012
2.00022
2.00297
1.99997
1.99951
2.00022
2.00187
2.00155
2.00009
2.00048
2.00058
2.00107
1.99836
1.99899
2.00058
1.99966
2.00037
1.99882
2.00117
2.00049
2.0008
1.99874
2.0008
2.00246
2.00069
1.99925
2.00027
2.00023
2.00087
1.99975
1.99992
2.00109
2.00016
1.99963
2.00022
2.00081
1.9993
1.99926
1.9993
1.99978
1.99913
2.00035
2.00119
2.00077
1.99984
1.99877
1.99935
1.99989
2.00031
1.99993
2.00166
2.00017
2.00124
2.00169
1.99984
2.0004
2.0001
2.00032
1.99993
2.00056
1.99811
1.99988
2.0023
2.00039
1.99994
1.99822
2.00137
1.99975
2.00034
2.00019
1.99913
1.99835
2.0024
1.99969
2.00006
2.00111
1.99866
2.00009
2.00084
1.99844
1.99945
2.00042
1.99903
1.999
2.00057
2.00023
2.00109
2.00094
1.99948
1.99993
1.99809
1.99937
2.00027
2.00104
2.00064
2.00026
1.99856
2.00035
2.00134
1.99874
1.99778
2.00019
2.00185
2.00043
2.00036
2.00118
1.99753
1.99978
2.00056
1.99897
1.99981
1.99849
1.99989
1.99906
1.99979
2.00211
2.00152
1.99963
2.00027
2.00087
1.99975
2.00112
2.00036
1.99993
1.99999
1.99934
1.99984
1.99817
2.00097
1.99884
2.00086
2.00029
2.00133
1.99865
2.00069
2.00013
2.0009
1.9987
1.99973
1.99929
1.99982
2.00022
2.00014
2.00151
2.00253
2.00128
2.00128
1.99887
1.99982
1.99983
1.99906
1.99968
1.9978
2.00306
1.99844
1.99885
1.99989
2.00097
2.00005
1.99988
1.99919
2.00094
2.00021
1.99907
2.00002
1.99926
2.00038
2.00022
1.99853
1.99854
1.99976
2.0005
2.00108
1.99985
1.99797
2.00061
2.00045
1.99864
2.00162
1.99836
1.99971
2.00122
2.00031
1.99897
2.00018
2.00013
2.00012
2.00178
2.00053
2.00217
1.99935
2.0018
2.0012
2.00078
1.99973
1.99947
2.00092
1.99995
2.00273
1.99953
2.00092
1.9992
1.99906
2.00058
2.00061
1.99931
2.0004
1.99843
2.00153
1.99959
1.99984
2.00051
1.99771
1.99975
1.99967
2.00012
2.0014
1.99998
2.00087
2.00087
1.99952
2.00034
2.00204
2.00031
1.99801
1.99878
2.0025
2.00071
2.00032
1.99893
1.99931
1.99955
2.00041
1.9979
2.0016
1.99984
2.00188
2.00061
2.00079
2.00114
1.99974
2.00025
2.00185
2.00074
2.00064
2.00003
2.00099
2.00134
2.00103
1.99936
1.99872
1.99937
1.99957
1.99957
1.99941
2.00112
1.99884
1.99887
2.00013
2.0014
2.00092
2.00109
1.99942
2.00164
2.00067
1.99992
2.00096
2.00015
2.00057
2.00004
2.00036
2.00008
1.99832
2.00039
2.00101
2.00046
2.00149
2.0007
1.99885
1.99998
1.99968
1.99862
1.99689
2.00052
2.00176
2.00008
2.00035
1.99906
1.99979
1.99731
2.00056
1.9995
1.99975
1.99985
2.00137
2.00127
2.00059
1.99931
2.00081
1.99658
1.9991
2.00055
2.00003
2.00013
2.00141
1.99785
1.9992
2.00139
2.00117
1.9987
2.00074
1.99989
2.00244
1.99962
1.9996
1.9986
1.99848
2.00143
1.99987
2.00012
2.00034
1.99865
2.0012
2.00094
1.99988
2.00051
1.99949
1.99791
1.9994
1.99955
1.99973
1.99959
1.99946
1.99897
1.99843
2.00047
2.0005
1.99851
1.9994
2.00087
1.99943
2.00055
2.00084
2.00016
2.00015
2.0006
1.99972
2.00065
1.99912
2.00131
1.99939
2.001
1.99999
1.99924
2.00218
2.00005
2.00025
2.0008
1.99824
2.00021
1.99792
2.00003
2.00035
2.00066
1.99866
2.00047
1.99852
1.99962
1.99968
2.00015
2.00041
2.00073
1.99861
1.99943
1.99943
2.00133
1.99882
2.00089
1.99867
2.00158
1.99974
1.99956
2.00039
2.00082
1.99938
2.00108
1.99925
2.00084
2.00057
1.99902
1.99989
2.00024
2.00034
1.99869
2.00056
2.00074
2.0004
2.00021
1.99944
1.99996
1.99756
1.99962
1.99891
2.00183
2.0005
2.00033
1.99947
1.99939
2.00003
2.00016
1.99897
1.99835
2.00037
1.9993
2.00041
2.00038
2.00024
1.99914
2.00124
1.99892
1.99912
1.99877
1.99992
2.00194
1.99949
2.0018
1.99918
1.99962
2.00065
2.00138
1.99853
1.99873
2.00007
1.99977
2.00076
1.99963
1.99945
1.99966
2.00051
1.99918
2.00029
2.00184
1.99943
2.00148
2.00074
1.99909
2.0002
2.00085
2.00112
2.00087
1.99767
1.9989
1.99983
2.00053
2.00202
2.00024
1.99904
2.00054
2.00163
2.00078
1.99922
2.00101
2.00054
1.99784
2.00171
2.0001
1.99944
2.00053
1.99971
2.00096
1.99943
2.00171
2.00065
1.99815
1.99916
2.00091
1.99861
1.99964
2.00061
1.99897
1.99999
1.99979
2.00037
2.00017
1.99977
2.00234
1.99939
2.00107
1.9996
1.99958
1.9989
2.00064
1.99979
1.99982
1.99869
1.9998
2.00091
2.00095
1.99997
1.99983
1.99905
1.99868
1.99883
1.9987
1.99867
2.0006
1.99962
2.00091
2.00101
2.00113
2.00144
1.99683
2.00171
2.00002
2.00065
1.99973
1.99927
2.0015
2.00077
2.00086
1.99994
2.00082
1.99845
1.99978
1.99981
2.0018
2.00052
2.00065
1.99942
1.99944
1.99857
2.0006
2.00098
1.9998
1.99952
1.99955
1.99971
2.00044
2.00113
1.99939
2.00075
2.00099
1.99889
1.99916
1.99982
1.99806
2.00041
1.99885
2.0011
1.99957
1.99945
2.00038
2.00038
2.00028
1.99923
2.00018
1.99827
2.00016
1.99921
2.00069
2.00043
1.99896
1.99872
2.00023
2.00011
2.00058
1.99991
1.9995
1.99965
2.00014
2.00212
1.99999
2.00029
1.99995
1.99955
1.99965
1.99916
1.99917
1.99909
1.99896
1.99984
2.00098
2.00019
1.99938
1.99861
1.99948
1.99971
2.00073
2.0003
2.00075
2.00083
2.00139
1.99959
2.00061
1.99839
1.99994
1.99886
1.99958
2.00055
2.00065
1.99955
1.99967
1.99867
1.99948
1.99857
1.99888
2.00004
2.00098
2.00043
2.00136
2.00166
2.00041
2.00072
1.99947
2.0005
2.00008
2.00046
2.00082
1.99837
1.99861
1.99989
1.9985
1.99975
1.99793
1.99941
2.00038
1.99969
2.0004
2.00015
2.00091
2.00121
1.99913
2.00001
1.99912
1.9968
2.00024
2.00165
1.99977
2.00037
2.00082
2.00285
1.9998
1.99936
2.00095
2.00076
2.00102
2.00044
2.0021
1.99871
2.00192
2.00035
2.00108
1.99812
1.99858
2.00008
2.00067
1.99841
2.00271
2.00038
1.99954
1.99899
1.9997
1.9994
2.00168
2.00154
1.99863
1.99911
2.00036
2.00002
2.00031
1.99814
2.00137
2.00095
2.00057
2.00121
1.99783
2.00061
1.99922
1.99858
2.0011
1.99887
1.99911
2.00083
1.99956
1.99935
2.00133
2.00025
2.00063
2
2.00136
2.00204
2.00062
2.00153
1.99941
1.9989
2.00054
2.00162
1.99857
1.9991
1.9996
1.99904
1.99968
1.9999
2.00054
1.99996
1.99971
1.99994
1.99854
1.99975
1.99955
1.99913
2.00049
1.9977
1.99987
1.99982
1.99898
2.00214
1.99946
2.00045
1.99972
1.99914
1.99975
2.001
1.999
2.0015
2.00166
1.99911
1.99955
1.99906
1.99885
2.00042
2.00139
2.00123
1.99888
2.00083
1.9999
2.00136
1.99905
1.99987
1.99924
2.00003
1.99926
2.001
1.99889
2.00085
1.99987
1.99981
2.0018
1.99928
2
1.99994
2.00082
1.99999
1.99966
1.9993
1.99913
1.99887
2.0023
2.00205
2.00029
2.00055
1.99856
2.0002
2.00034
2.0008
2.00154
1.99947
1.99999
1.99965
2.00022
1.9997
2.00015
2.00018
2.00141
1.9997
2.00174
1.99904
2.00105
2.00063
2.00084
1.99947
1.99839
2.00132
1.99907
2.00022
2
2.00029
1.99879
2.00017
2.00103
1.99988
1.99996
1.99884
2
2.00007
1.99945
1.99944
2.00051
1.99895
1.99905
2.00018
1.9992
1.99963
1.99995
1.99919
1.99963
1.99873
1.99906
2.00141
2.00061
2.00023
1.99896
1.99893
2.00021
2.00028
1.99912
1.99888
1.99912
2.001
1.99941
1.99939
2.00142
1.99832
2.00032
2.0003
1.9998
1.99948
1.9987
2.00002
1.99816
1.99978
2.00169
2.00081
1.99886
2.00036
2.00099
1.99896
2.00064
2.0008
2.00068
2.00148
1.99977
1.99995
1.99926
2.00055
1.99851
2.00022
2.00022
1.99994
1.99941
1.9995
2.00031
1.99925
1.99919
1.99813
1.99925
1.9993
2.00038
2.00221
1.99998
2.00125
2.00042
2.0006
1.9999
1.99997
1.99949
2.0009
1.99882
1.99933
2.00218
1.99875
1.99978
1.99937
2.00127
2.00131
1.99795
1.99863
2.00004
2.00036
1.99962
2.00038
2.00137
1.99982
1.99848
1.99936
1.99913
1.99947
2.00077
2.00121
1.99917
1.99864
2.00045
1.9994
2.00033
2.00049
1.99925
1.99938
1.99963
1.99923
1.99879
2.00085
2.00059
1.99942
2.001
1.99893
2.00082
1.99931
2.00003
2.00089
1.99942
2.00088
2.00046
2.00066
1.99945
2.00112
2.00003
2.00096
1.99909
1.9992
2.0014
2.00105
2.00032
1.99952
1.99928
2.0005
1.99943
1.99961
1.99886
1.99805
2.00053
2.00082
1.99996
1.9985
2.00003
2.00044
2.00225
1.99931
2.00183
2.001
1.99915
1.99913
1.99965
2.00113
2.00043
1.99979
1.99934
2.0003
2.0005
1.99938
1.99921
1.99911
1.99986
2.00047
2.00008
2.00085
2.00006
1.99987
1.99834
2.00057
2.00057
2.00119
1.99957
2.00144
2.00004
1.99986
1.99894
1.99938
1.99937
1.99974
1.99948
2.00077
1.99896
1.99957
2.0007
1.99939
1.99895
2.00146
2.00199
2.00079
2.00056
2.00028
2.00204
2.001
1.99913
2.00167
1.9985
1.99953
1.99999
1.99884
1.99962
2.00049
1.9994
2.00167
2.00096
1.99954
2.00146
1.99997
1.99954
1.99667
2.00017
2.00181
2.00045
1.99886
1.99977
2.00021
1.99865
2.00148
1.99809
1.99941
1.99941
2.00097
1.99984
1.99974
1.99885
2.00013
1.99913
1.99998
2.00124
2.00188
2.00009
2.00183
1.99923
1.99825
2.0017
2.00115
2.00009
2.00032
2.00041
2.00033
1.99843
2.0002
2.00116
2.0008
2.00228
1.99976
1.99988
2.00029
1.99977
2.00059
2.00103
1.99939
1.99988
2.0003
1.99951
1.99938
1.999
1.99931
1.99781
1.99829
1.99892
1.99993
2.00144
2.00048
1.99915
1.9985
2.00102
2.00021
2.00082
1.9993
2.00033
1.99991
1.99864
1.9996
1.99976
1.99921
2.00073
1.99974
2.00044
2.00049
2.00023
2.00035
1.99989
2.00062
2.00033
1.99868
2.00101
1.99987
1.99947
2.00008
2.00008
2.00033
2.00133
1.99884
1.99907
2.00177
2.00059
2.00158
1.99963
1.99788
1.99898
2.00005
2.0016
1.99986
1.99968
1.99819
2.0003
2.0005
2.00074
2.00018
2.00074
1.99983
2.00089
1.99965
2.00007
2.00037
2.00036
1.9992
1.99953
2.00015
1.99866
1.99958
1.99876
1.99943
2.00116
2.0001
1.99958
1.99958
1.99988
1.99899
2.00101
1.99927
1.99993
1.99796
1.99847
2.00029
1.99981
2.00083
1.99968
2.00048
1.99975
1.99953
1.99911
1.99972
1.99895
1.99973
1.99868
2.00126
1.99978
2.00094
2.00109
1.99883
1.99879
1.99999
2.00088
2.00067
2.00136
1.99915
1.99888
2.00126
2.00033
2.00139
1.99938
2.00086
2.00025
1.99997
1.99935
1.99956
1.99966
2.00003
2.00082
2.00178
2.00104
2.00136
2.00026
2.00171
1.99942
1.99764
1.99985
2.00043
2.00019
2.00114
1.99986
1.99934
2.00028
2.00073
2.00153
1.99988
2.00031
2.00092
1.99792
2.00104
2.00032
2.00067
2.00012
2.00016
2.00092
1.99967
2.00136
2.00002
1.99756
2.00033
2.00068
1.99915
1.99992
2.00179
1.99975
1.99984
1.99997
1.99787
2.00069
1.99985
1.99993
1.99968
2.0005
1.99988
1.9998
2.00032
1.99903
2.00093
1.99939
1.99964
1.99913
2.00047
1.99986
2.0006
1.99937
1.99787
2.0013
1.99982
2.00105
2.00036
1.99936
2.00105
2.00081
1.99988
2.00122
1.99978
1.99731
1.9997
1.99815
2.00024
2.00008
1.99942
2.00176
1.99971
2.0001
1.99933
2.00059
1.99911
1.99887
2.00095
2.00161
2.00069
2.00169
2.00071
2.00074
2.00035
2.00043
1.99991
1.99918
2.00101
1.99791
1.99928
1.99992
2.00148
2.00033
2.00018
2.00132
1.99984
2.00029
2.0006
2.00023
2.00034
1.99911
1.99974
1.99974
2.00074
2.00016
1.99951
1.99971
1.99902
2.00013
1.99916
1.99873
1.99889
2.00248
1.99982
1.99923
1.99929
1.99984
2.00017
2.0002
2.00122
1.99975
2.00073
2.00144
1.99997
1.99949
2.00004
1.99961
2.00224
1.99894
1.99912
1.99905
1.9994
1.99807
1.9991
2.00119
2.00061
2.00176
1.99933
1.99969
1.99996
2
1.99977
1.99929
1.99965
1.99987
2.00107
2.00048
2.00008
2.00008
1.99987
1.99957
1.99887
2.00101
2.00136
1.99869
1.9982
2.00055
1.99947
2.00109
1.99995
2.00014
2.00008
1.99964
2.0003
1.9994
1.99924
1.99995
2.00057
1.99992
1.99951
2.00217
1.99965
1.99904
1.99895
1.99946
2.00035
1.99801
1.99887
2.00194
1.99889
2.00028
1.99937
2.00065
2.00102
2.0003
1.99926
2.00066
1.99904
1.99901
1.99935
1.99926
1.99964
1.9987
2.00198
1.99945
1.99942
2.00002
2.00148
1.99934
1.99971
2.0004
1.9992
2.00168
2.00036
2.00079
1.99953
1.99963
1.99927
2.00163
1.99908
1.99997
1.99955
1.99908
1.9987
1.9995
1.99931
1.99908
2.0024
1.99843
1.99952
1.99824
2.00008
2.00046
1.99977
2.00169
1.99992
1.9991
1.99932
1.99766
2.00047
1.99919
1.99995
1.99954
2.00024
1.99871
1.99995
1.99967
1.99997
1.99945
2.00067
1.99944
1.99951
2.00089
2.00219
2.0017
1.99969
1.99844
1.99882
2.00012
2.00087
1.99942
1.99939
1.99948
2.0002
2.00087
1.99996
2.00004
2.0011
1.99869
2.00046
1.99949
1.99937
1.99995
1.99848
2.00047
2.00053
1.99822
1.99899
1.99973
2.00156
1.99926
1.99969
2.00107
1.99961
2.00021
1.99935
1.99898
2.00101
1.99937
1.99754
1.99994
1.99913
2.00031
2.00164
2.00209
1.99961
1.99859
2.001
2.00011
2.00092
1.99959
2.00014
1.99975
2.00064
1.99913
2.00033
1.99954
1.99967
1.99974
2.00035
1.9988
2.00014
2.00082
1.99888
2.00139
2.00057
2.00077
2.00076
1.99919
2.00074
2.0015
2.00071
2.00026
2.00149
1.99959
2.00058
1.99924
2.00044
2.00213
1.99901
2.00021
1.99823
1.99984
1.99976
2.00029
2.00139
2.00105
2.00034
2.00034
2.00017
2.00182
1.99876
2.00039
1.99841
2.00085
2.00132
2.00134
2.00088
1.99898
2.00007
1.99884
2.00033
2.0007
1.99814
1.99901
1.99859
1.99946
1.99844
1.99928
1.99977
1.9997
2.00065
1.99928
1.99962
2.00128
2.00019
1.99908
1.9988
2.00013
2
2.00022
2.00164
1.99925
1.99852
2.00033
1.9998
1.99994
2.00115
1.99979
1.99982
1.9993
2.0007
1.99968
2.00007
2.00066
1.99964
2
1.99968
1.99968
2
1.99899
1.99994
1.99857
1.99943
2.0031
1.9987
1.99891
2.00004
2.00119
1.99809
2.00037
2.00118
1.99904
2.00137
2.00052
1.99976
2.0001
2.00008
2.0006
2.00021
1.99935
1.99967
2.00049
1.9985
2.00017
2.00087
2.00075
2.00097
1.99928
1.99931
2.00169
2.00139
1.99793
2.00001
1.99825
1.99948
2.00099
1.99916
1.99929
2.00161
1.99855
2.00058
2.00298
2.00166
2.00157
1.99925
2.00072
2.00066
1.99884
2.00015
2.00084
2.00119
1.99949
1.99967
2.00085
1.99901
1.99998
1.9992
1.99872
1.99981
1.99998
1.99861
2.00062
1.99939
2.00069
1.9996
2.00172
2.0003
1.99989
1.99977
1.99911
2.00022
1.99849
2.00053
1.99969
1.99958
1.99901
1.99865
2.00006
2.00039
1.99963
2.00043
2.00009
1.9996
2.00102
1.99985
1.99887
1.99912
2.00142
1.99984
1.99866
1.99994
2.00017
2.00029
2.00003
1.99979
1.99972
1.99812
2.00042
1.99859
1.99886
2.00017
2.00092
2.00084
2.00065
1.99811
2.00155
2.00019
1.99998
2.00001
2.00268
2.00071
1.99954
1.99914
1.99901
2.0008
2.00032
1.9986
2.00044
2.00015
2.00062
2.00077
1.99996
1.99811
1.99946
2.00018
1.99987
1.99986
1.99881
2.00084
1.99979
1.99933
2.00137
2.00044
2.00047
2.0006
1.99941
2.00037
2.00107
2.0015
2.00192
1.99929
2.00037
2.00101
1.99992
1.99918
2.00015
2.00117
1.99828
1.9995
2.00017
2.00227
1.99973
1.99935
2.00129
2.00054
1.99872
2.00101
1.99905
1.99987
1.99976
2.00022
1.99895
2.00059
1.99849
1.99891
2.00046
2.00085
1.9995
2.00115
2.00029
1.99854
2.00064
2.00047
2.00171
1.99729
2.00066
1.99962
2.00002
2.00039
1.99855
2.00003
1.99979
2
1.99958
2.00122
1.99925
2.00027
2.0008
2.00024
2.00068
2.00002
2.00048
2.00085
2.0012
1.9987
2.00115
2.00006
2.00216
2.00003
1.99921
2.00068
1.99804
2.00153
2.00077
2.00004
2.00209
1.99918
2.00115
2.00018
2.00112
2
2.00027
1.99951
2.00023
1.99998
2.00018
1.9995
2.00001
2.00006
1.99905
1.99979
1.99909
2.00107
2.0009
1.99984
1.99953
2.00098
2.00021
2.00026
2.00058
2.00039
2.00008
2.0003
1.99966
1.99924
1.99971
2.00023
1.99914
2.00079
1.99978
2.0011
1.9999
1.99842
2.00141
2.00047
1.9993
1.99924
2.00113
2.00036
1.99848
1.99967
1.99977
2.0012
1.99896
2.00044
2.00088
2.00222
2.00073
2.00118
2.00009
1.9986
1.99893
2.00029
2.0007
1.99979
2.00064
1.99959
2.00038
2.00035
1.99923
1.99923
2.00054
2.00028
1.99842
2.00015
1.99982
1.99984
2.00184
1.99948
2.00017
2.00179
1.99825
1.99984
1.99937
1.99951
2.00094
1.99987
1.99933
2.00043
1.99942
2.00032
2.0007
2.00015
2.00047
2.00037
1.9983
2.00004
1.99936
2.00229
2.00063
2.00048
2.00112
1.99958
1.99805
1.9995
1.99973
2.00017
1.99868
2.00107
2.0004
2.00079
1.999
1.99788
1.99774
1.99923
2.00067
1.99894
2.00064
1.999
1.99946
2.00148
2.00105
2.00181
2.00001
2.0006
2.00085
1.99872
1.9997
1.99896
1.99911
2.00092
1.99743
1.99986
2.00213
2.00208
1.99864
2.00027
1.99958
1.99908
2.00151
2.00134
1.99939
2.00094
1.99864
1.99926
1.99952
2.00053
1.99953
1.99956
1.99919
1.99858
1.99966
1.99878
2.00006
2.00068
2.00071
2.00073
2.00001
1.99999
2.00185
2.00039
1.99694
2.00037
2.00149
1.99927
2.00003
2.00184
1.99868
1.99926
2.00088
1.99888
1.99844
2.00076
1.99893
1.99966
1.99989
2.0009
2.0004
2.00036
1.99768
2.00071
1.99989
1.99865
1.99898
1.9991
1.99994
1.99981
1.99842
1.99895
2.00068
2.00027
2.00214
2.00096
2.00027
2.00187
2.00032
1.99817
2.00063
1.99955
1.99791
1.99832
1.99945
2.00028
2.00003
2.00053
2.00057
1.99957
1.99739
1.99875
1.99979
2.00117
1.99987
2.00189
1.99926
1.99965
2.00095
2.00112
2.0004
2.00115
1.99875
2.00019
1.99948
2.00066
1.9979
1.99929
2.00096
1.99961
1.99958
2.00076
1.99996
1.99923
2.00096
1.99878
2.00211
2.00059
1.9999
2.00011
1.99974
1.99884
1.9995
1.99964
2.00047
2.00027
1.99985
1.99923
1.99936
2.0013
2.0017
2.00017
1.99981
2.00035
2.00005
1.99914
2.00032
2.00249
1.99986
2.00173
2.00073
2.00013
1.99911
1.99939
1.99885
2.00175
1.99872
1.99973
2.00034
1.99977
1.99839
1.99944
1.99971
2.00044
2.00143
1.9994
2.00068
2.00162
2.00031
1.99891
1.99943
1.99871
1.99936
2.00107
1.99935
2.0001
2.00113
2.00004
2.00011
1.99932
2.00088
2.00082
1.99776
2.00044
1.99949
1.99959
2.00077
1.99931
1.99886
1.99854
1.99848
2.00019
1.99969
1.99902
1.99979
2.00145
2.00024
1.99935
2.00051
2.00069
2.00013
1.99854
1.99891
2.00082
1.99907
1.99903
2.00091
1.99901
2.00089
2.00025
1.99921
2.00055
2.00121
1.99966
2.00172
2.00103
1.99957
1.99949
2.00098
1.99938
1.99931
2.00073
1.99963
1.99893
1.99979
2.00147
1.99858
1.99943
2.00025
2.00072
2.00056
1.99961
1.99984
2.00065
1.99909
1.99944
2.00106
1.99961
1.99886
1.9998
1.99917
1.99899
1.99881
1.99955
1.9977
2.00042
1.99807
2.00025
1.99826
1.99964
2.00018
1.99959
2.00012
1.9987
1.99854
1.99977
1.99808
2.00051
1.99882
2.00097
1.99988
2.00084
2.00032
2.00083
2.0003
2.00105
2.00082
2.00042
1.99977
2.00006
1.99986
1.9993
2.00176
2.00002
1.99904
2.00078
2.00031
1.99831
2.00122
2.00021
2.00018
2.00068
2.00061
1.99921
1.99931
2.00172
2.00004
2.00033
2.00026
1.99914
1.99996
1.99891
2.00086
2.00111
1.99758
1.99972
2.00073
2.00065
1.99894
2.00024
2.00145
2.00088
2.00066
1.99895
2.00143
2.00003
1.99865
1.99918
1.99996
2.00057
1.99994
2.0011
2.00047
1.99974
1.99942
2.00077
2.00071
1.99978
1.99941
2.00083
2.00159
1.99932
1.99993
1.99977
2.00239
2.00032
1.99847
2.00028
1.99783
2.00035
1.99969
1.99817
2.00096
1.99983
2.00087
2.00004
1.99988
2.00125
2.0005
1.99996
2.00078
2.00031
2.00024
1.99985
1.99926
1.99837
2.00126
1.99963
2.00058
1.99857
2.0003
2.00111
2.00032
2.00032
2.00149
2.00054
2.00082
2.00034
2.00095
1.99878
1.99942
2.00052
2.00136
2.00181
2.00171
2.00061
1.99928
1.99925
2.00101
1.99916
2.00091
1.99849
1.99825
1.99843
1.99829
1.99982
1.99968
2.00155
1.99977
2.00106
1.99896
1.99821
2.00254
2.00084
1.99798
1.99858
2.00032
1.99984
2.00034
2.00092
1.99877
1.99789
2.0006
1.99898
2.00034
2.0008
1.99908
2.00013
1.99896
2.0004
2.00051
2.00039
1.99844
2.00021
2.00008
1.9985
1.9979
1.99971
2.00059
1.99991
1.99953
1.99962
2.00234
1.99961
1.99917
2.00022
2.00108
1.99935
2.00071
2.0012
1.99957
1.99991
2.00159
1.99902
2.0012
2.00028
2.00034
1.99989
2.00015
2.00091
2.00174
2.00008
1.99898
2.00168
2.00167
2.00136
1.99927
1.99887
2.00062
1.99913
2.00034
1.99931
1.99894
1.99804
2.00021
1.99759
2.00014
2.00038
1.99931
2.00061
2.00091
2.00147
1.99945
1.99996
2.00001
1.99958
1.99895
2.0012
2.00198
2.00167
1.99999
2.00041
1.99962
1.99905
1.99964
2.00103
1.99964
1.99914
2.00056
1.99852
2.00124
2.0002
2.00007
2.00039
2.0019
2.00132
2.00038
2.00008
2.00063
1.99859
2.0003
2.00014
1.99871
2.00078
1.99869
1.9997
2.00043
1.99909
1.99927
2.00171
2.00135
1.99869
1.99875
1.9983
2.0009
2.00048
2.00077
1.99917
1.99836
2.00062
1.99959
1.9978
2.00087
2.00104
1.99953
1.99823
2.00092
1.99854
2.00059
1.99947
2.00007
2.00157
2.00006
1.99848
1.99988
2.00018
1.99906
2.00002
2.00151
1.99906
1.9994
1.99969
1.99879
1.99974
2.00003
1.99961
2.00036
2.00091
2.00019
2.00076
2.00008
1.99848
2.00164
2.00006
1.99885
2.00008
2
2.00085
1.99893
2.0001
2.00111
2.0001
2.00135
2.00015
1.99956
2.00018
2.00083
2.00202
2.00193
2.00038
2.00147
2.00041
2.00023
1.99835
1.99935
2.00069
1.99952
1.99917
1.99948
2.00172
2.00087
1.99816
2.00043
2.00054
1.99834
2.00049
1.99969
1.99994
2.00073
2.00042
1.99893
2.00154
1.99899
1.99952
1.99975
2.00058
1.99794
1.99958
2.00119
1.99978
2.00073
2.00027
2.0008
1.99888
1.99978
2.00107
1.99983
1.99994
1.99992
2.0002
2.00148
1.99978
2.00078
2.00085
2.00008
2.00025
2.00133
2.00058
1.99957
2.00137
2.00077
2.00024
2.0016
1.99922
2.00059
1.99973
2.00065
2.00024
1.99947
2.00089
1.99963
2.00115
2.00122
1.99979
2.00044
2.00012
2.00194
2.00048
1.9996
1.99964
1.99982
1.99896
2.00119
1.99977
1.99902
1.99953
2.00009
2.00066
1.99843
2.00115
1.99903
1.99886
2.00081
1.9994
2.00035
2.00134
1.99915
2.0002
2.00043
2.00023
1.99914
2.00022
2.00017
1.99835
1.99915
1.99913
2.00004
2.00136
2.00043
2.00129
2.00017
1.999
2.00117
1.99974
1.99864
2.0002
2.00117
1.99936
1.99862
1.99993
1.99817
2.00018
1.99926
2.0002
2.00047
2.00088
2.00028
1.99934
2.0007
2.00032
2.00025
1.99872
1.99949
1.99953
1.99999
1.99935
1.99986
1.99942
2.00025
2.00156
1.99921
2.00019
1.99748
2.00005
2.00173
2.00002
2.00043
1.99948
2.00132
2.00144
1.99905
1.99939
2.00071
1.9989
1.99909
1.99957
1.99965
1.99875
2.00086
2.00099
2.00142
2.00145
1.99964
2.00178
1.99899
1.99972
1.99797
2.0007
2.00064
1.99876
2.00044
2.00036
1.99855
1.99923
1.99845
2.0003
1.99942
2.00037
1.99949
1.9995
1.99858
1.99737
1.9986
2.00015
1.99932
1.99934
1.99859
2.00035
1.9995
1.99966
2.00119
2.00022
2.00089
2.00019
1.99975
1.99874
2.00054
1.99883
2.00127
2.00189
1.99894
1.99978
2.00053
2.00076
1.99888
1.99934
1.99873
2.00009
1.99948
2.00109
1.99962
2.00084
1.9982
2.0008
2.00017
2.00107
2.00087
1.99917
2.00068
1.99894
2.00099
1.99933
2.00108
2.00115
2.00195
2.00039
2.0009
2.00039
2.00063
1.99962
1.99841
2.00132
2.00119
1.99942
1.99947
2.00111
1.99981
2
1.99958
2.00077
1.99852
2.0002
1.99979
1.99989
2.00006
2.0003
1.99936
2.00016
1.99888
2.00006
2.00057
1.99834
1.99999
1.99927
2.00059
1.99982
1.99904
2.00005
1.99885
1.99952
2.0012
2.00131
2.00075
2.0011
2.00032
1.9987
2.00058
1.99973
1.99916
1.99844
2.00041
1.99954
1.99912
2.00054
2.00089
2.0002
1.99813
1.99668
1.99916
2.00018
1.99927
1.99989
2.0008
1.99903
2.00013
2.00078
1.99809
2.00039
1.99972
1.99962
2.00012
2.00056
1.99836
1.99924
1.99867
1.99959
2.00013
2.00161
1.99982
2.00044
2.00023
1.99915
1.99952
2.00049
1.99934
2.00194
2.00064
1.99786
1.99899
1.99987
2.00158
2.0017
1.99835
1.99822
2.00011
2.00004
2.00009
2.00011
2.00121
2.00202
1.99913
1.99876
1.99992
2.00138
1.9983
2.00144
2.00032
2.00168
2.00053
1.99936
2.0009
2.00015
2.0009
2.00076
2.00086
2.00061
2.0003
2.0003
2.00003
1.99867
1.99973
2.00103
2.00139
2.00143
2.00045
1.99944
2.00001
1.99852
1.99915
2.00093
1.99849
1.99994
2.00248
1.99998
1.9998
2.00039
2.00241
1.99954
1.99843
2.00198
1.99943
2.00032
1.99973
2.00085
2.00002
1.99836
1.99963
2.00004
2.00018
2.00136
1.99983
2.00129
1.99986
1.9997
1.99972
2.00027
2.0001
1.99796
1.99898
2.0014
1.99917
2.00044
1.9994
2.00029
2.0012
2.00087
1.99973
2.00022
2.00067
1.99902
2.00147
2.00071
2.00077
2.00024
2.00069
2.0013
2.00059
1.99998
1.99999
1.99916
2.00052
1.999
2.00013
1.9996
1.99892
1.99944
1.9995
2.00002
1.99886
2.00085
1.99814
1.99957
2.00008
1.99887
1.99909
1.99889
1.9995
1.99837
2.00022
1.99945
2.00019
1.99972
1.99949
2.00075
1.99934
1.9997
1.99901
2.00115
1.99925
1.99908
1.99998
1.99958
1.99962
1.99965
1.99923
1.99907
2.00152
2.00094
2.00032
2.00038
1.99939
2.00069
2.00335
1.99967
1.99981
1.99975
2.00136
1.99929
2.00077
2.0009
1.99996
2.00143
1.99989
1.99978
2.00151
1.99991
2.00033
1.99959
2.00038
1.99914
2.00195
2.00155
2.00127
1.99946
2.00006
1.99899
1.99922
1.99963
1.99993
1.99948
1.99961
2.00141
2.00106
1.99937
1.99987
2.00081
2.00122
2.00165
2.00169
2.00081
2.00083
2.00037
2.00016
1.99997
2.00004
2.001
1.99955
1.99973
1.99923
2.00036
2.00065
1.99944
1.99959
2.00052
2.00086
2.00014
2.00019
1.99823
2.00053
2.00031
2.00256
2.00114
1.99901
1.99987
2.00023
1.99966
1.99859
1.99893
2.0001
2.00108
1.99996
2.00124
2.00018
1.99969
2.00045
2.00069
2.00024
1.99912
1.99967
1.99942
1.99945
1.9978
1.99945
2.00049
2.00095
2.00086
1.99978
2.00155
2.00087
1.99966
2.00218
2.00121
2.0014
1.9989
2.00129
1.99916
2.00094
2.00071
2.0008
2.00326
2.00021
1.99967
2.00024
1.99975
2.00127
2.00001
2.00069
2.00077
1.99827
1.99925
1.99971
1.99976
1.99989
2.00179
2.00062
2.0005
2.00006
1.99835
2.00156
1.99952
1.9994
2.00051
2.00045
2.00014
2.00005
2.00041
2.00089
1.99961
2.00001
1.99967
2.00147
1.99942
1.99934
1.99864
1.99831
2.00006
1.99838
1.99975
1.99932
1.99965
1.99921
1.99962
1.99892
1.99923
1.99967
2.00003
1.99936
2.0015
2.00082
1.99936
1.99944
2.00136
1.99964
1.99987
2.00034
2.00066
2.00176
1.99852
2.0018
1.99982
2.00019
2.00077
2.00065
1.99953
2.00077
2.00035
2.00187
1.99963
2.00013
2.0015
2.00082
1.99944
1.99941
2.00023
2.00009
1.99956
2.00124
1.99974
1.99983
1.99873
1.99816
1.9978
2.00016
2.00137
1.99945
2.00157
2.00033
2.00066
1.99918
2.00054
2.00006
1.99874
1.99813
1.99979
2.00136
2.00234
2.0011
2.00001
2.00131
1.99988
1.9984
2.00108
1.99995
1.99967
2.00054
1.99999
1.9991
1.99972
2.00078
1.99885
2.0013
2.0002
2.0022
1.99931
2.00008
1.99892
1.99953
1.99884
1.99925
2.00003
2.00015
2.00007
1.99975
1.99734
1.99823
2.00144
2.00085
2.00174
1.99836
1.99847
2.00131
2.00153
2.00158
1.99909
1.99958
1.99981
1.99865
1.99894
2.00102
2.00081
2.0002
1.99955
1.99962
1.99952
1.99936
1.99879
1.99951
1.99939
2.00005
1.99947
1.99889
1.99929
2.00116
1.99882
2.0006
1.99929
1.99931
2.00007
2.00058
1.99871
1.99867
2.00006
1.9993
1.99982
2.0005
2.00039
2.0002
1.99887
2.0014
1.99964
1.99777
1.99993
2.00052
1.99952
1.99846
2.00044
2.00146
1.99884
2.00072
1.99977
1.99957
2.00023
1.99942
2.00105
2.00031
2.00038
2.00057
1.99824
1.99973
1.99887
1.99985
2.0002
2.00085
1.99904
2.0008
2.00044
2.00065
1.99788
2.00034
1.99923
2.00095
2.00143
1.99871
2.00038
1.99988
1.99917
1.99932
2.00112
1.99887
2.00089
2.00023
1.99931
1.99894
1.99869
1.9999
1.99997
1.99951
2.00062
2.00087
2.00045
1.9991
2.00161
1.99994
2.00155
1.99945
2.00021
2.00166
1.99899
2.00068
2.00143
2.00065
2.00143
2.00074
2.001
1.99974
2.00067
1.99992
2.00023
1.99924
2.00057
2.00079
2.00041
1.99988
1.99937
1.99974
1.99896
2.00171
1.99916
2.00075
1.99964
1.99977
2.00025
2.00042
2.00083
1.99898
1.99924
2.00046
2.00022
1.99969
2.00049
1.99756
2.00052
1.99942
2.00152
1.99802
2.00081
1.99977
1.99989
2.00094
1.99944
2.00164
1.9998
1.99827
2.00219
1.99928
1.99969
1.99848
2.00055
1.99739
1.99861
2.00033
1.9998
1.99944
2.00082
2.001
1.99991
1.99987
1.9997
1.99881
1.99981
1.99961
2.00072
1.99946
1.99909
1.99922
1.99887
1.99786
1.99887
1.99965
2.00021
2.00019
1.99937
2.00031
1.99878
2.00084
2.00033
1.99984
1.99961
1.99865
2.00025
2.00081
2.00003
1.99835
1.99873
2.00171
2.00267
2.00013
1.99891
1.99894
1.99986
2.00062
1.9999
1.99923
2.00063
2.00061
1.99933
1.99983
1.99874
2.00071
1.99814
1.99943
1.99995
1.99954
1.99795
2.00135
2.00201
2.0007
2.00007
2.00071
2.00068
1.99942
1.99949
1.99869
1.99743
2.00095
1.99843
1.99837
1.99974
1.99908
2.00008
1.99868
2.0004
1.99908
2.00019
2.00019
1.99907
1.99845
1.99714
1.99945
2.00109
2.00039
2.00102
1.99837
2.00018
2.00044
1.99886
2.00049
2.0004
2.00117
2.00115
1.99966
1.99892
1.99933
1.99945
1.99986
2.00165
2.00019
1.9985
1.99941
1.99929
1.99999
1.99964
1.99992
1.99915
1.99943
1.99954
1.99945
2.00084
1.99924
2.00126
2.00154
2.00058
2.00097
1.99933
2.0015
2.00041
2.00126
2.00047
2.00184
1.99986
2.00067
2.00074
2.00177
2.00142
2.00096
1.9977
1.99848
2.00089
1.99974
2.00016
1.99988
2.00033
2.00029
1.99984
1.99826
2.00133
1.99975
1.99998
1.99994
1.99936
1.99852
1.99945
1.99906
2.0015
1.99914
2.00015
2.00075
1.99839
1.99985
1.99993
2.00027
2.00038
1.99957
2.00026
1.99807
1.99965
1.99999
2.00196
2.00139
2.00034
2.00061
1.99897
1.99978
1.9979
1.99894
1.9991
1.99943
1.99933
1.99968
2.00085
2.00189
1.99957
1.99938
1.99826
1.9999
2.00049
1.99954
1.99858
2.00297
1.99902
2.00003
2.00079
1.99995
2.00108
2.00092
1.99844
1.99991
2.00216
1.99844
2.00031
1.99786
2.00008
1.99926
2.00042
2.00157
1.99998
2.00025
2.00025
1.99954
1.99979
1.99918
2.00138
2.00141
1.99803
1.99966
1.99869
2.00117
2.00055
1.99852
1.99894
1.99799
2.0004
1.99987
1.99947
2.00024
2.00073
1.99999
2.00021
1.9981
1.99978
2.00025
1.99952
2.00118
2.0008
2.00104
2.00009
2.0002
2.0004
2.00108
2.00181
2.00048
2.00117
1.99883
1.99969
2.00005
2.00053
1.99876
2.00163
2.00009
2.00034
2.00117
2.00115
1.99986
1.99997
1.99932
2.00047
1.99893
1.99904
2.0025
1.99936
1.99949
1.99909
2.00055
1.99846
1.9998
2.00176
1.9996
2.00009
1.9993
2.0001
2.00077
1.9997
2.00042
1.99983
2.00074
2.00203
2.00049
2.00165
1.99974
1.9986
2.00005
2.00089
1.99921
1.99921
1.99891
2.00114
1.99992
2.00097
1.99791
1.99931
2.0007
2.00038
2.00086
2.00082
1.99966
1.99843
2.00264
1.99889
1.99993
2.00098
2.00117
2.00098
2.00075
1.99961
2.00009
1.99981
1.99955
1.99883
2.00118
2.00018
1.99949
1.99821
1.99958
1.99944
1.99781
2.00113
1.99843
1.99869
1.99964
1.99965
2.00004
1.99851
2.00068
2.001
1.99993
2.00079
2.00112
2.00018
2.00028
1.99983
1.99984
2.00139
1.99932
2.00185
1.99859
2.00142
2.00079
1.99937
2.00086
2.00067
2.00039
1.99963
2.00009
2.00047
1.99951
1.99915
2.00017
1.99969
2.00224
1.99885
1.99884
1.99896
2.00098
1.99995
2.00049
2.00087
1.99986
2.00056
1.99856
2.0005
1.99989
1.99847
1.99997
1.99944
2.00056
1.99825
2.00223
2.00028
2.00097
1.99935
2.00052
1.99819
1.99896
2.00038
1.99981
1.99952
2.00205
1.99959
2.00116
1.99906
2.00261
1.99983
2.00055
2.00112
2.002
2.0015
2.00029
2.00034
2.00035
2.00058
1.99882
1.99992
1.99955
1.99918
2.00028
1.99974
2.00194
1.99922
1.99951
1.99987
2.00142
2.00173
2.00006
1.9991
2.00006
2.00111
2.00091
2.0004
2.00023
2.00062
2.00064
1.99969
2.00008
2.00005
2.00007
2.0009
1.99938
2.00133
1.99986
1.99917
2.00096
2.00148
2.00033
1.99878
1.99867
1.99976
2.00002
1.99908
2.00047
2.00055
2.00088
2.00201
1.99843
2.00067
2.00078
2.00057
2.00052
1.99953
1.9989
1.99985
2.00199
2.00054
2.00065
2.00018
2.00051
2.0022
2.00081
1.99932
1.99935
1.99874
2.00213
1.99982
1.99977
2.001
1.99881
2.00035
1.99996
1.99924
1.99971
2.00034
2.001
1.99958
2.00084
2.00061
2.00052
2.00233
2.00064
2.00092
1.99964
1.9996
2.00008
2.00025
2.00074
2.00226
1.99995
1.99911
2.00184
1.99974
1.99886
1.99988
2.00033
2.00044
1.9983
2.00044
1.99937
1.99917
1.99962
2.00072
2.00005
1.99889
1.99879
1.99851
1.99963
2.00156
2.00068
2
2.00011
2.00147
1.99948
2
1.99985
2.00014
2.00062
1.99864
2.00078
1.99892
2.00004
1.99986
2.00144
2.00013
2.00119
1.99791
2.00127
1.99968
2.00153
2.00037
2.00014
1.99891
2.00054
2.0005
1.99942
2.00023
2.00233
2.00101
2.00028
1.99947
1.99927
1.99986
1.99908
2.00181
1.9988
2.00271
2.00036
2.00087
1.99979
2.00081
1.99996
1.99965
1.99897
2.00088
2.00018
1.99999
2.00057
1.99917
2.00118
2.00165
1.99788
1.99913
2.00064
1.99973
2.00025
2.0001
1.99794
2.00041
2.00017
1.99809
2.0003
1.99937
2.00084
2.00025
2.00134
1.99954
1.99907
2.00024
1.99971
2.00059
1.99978
2.00088
1.99922
2.00091
1.99899
2.00142
1.99973
2.00153
1.99973
2.00042
2.00177
2.00028
2.00215
1.99839
1.99879
2.00041
1.99877
1.99929
2.00037
1.99983
2.00209
1.99993
1.99913
2.00049
1.99836
1.99904
1.99942
1.99952
2.00168
2.00059
2.00073
1.99893
2.00007
1.99976
2.00165
2.00123
1.99807
1.99964
2.00218
1.9995
1.99969
1.99923
1.99867
1.99897
2.00097
1.99876
2.0017
1.99881
2.00165
2.00025
1.99907
2.00033
2.00057
2.0006
2.00135
2.00057
2.00082
1.99877
2.00016
2.00176
2.00125
1.9994
1.99986
1.99922
1.99944
1.99972
1.99898
1.99953
1.99921
1.99889
2.00091
2.00127
2.0015
1.99993
2.00125
2.00022
2.00017
1.99878
2.00114
2.00027
2.00197
2.00118
1.99956
1.99985
1.99902
1.99974
2.00103
2.00121
1.99938
2.00038
1.99966
1.99947
1.99939
1.99899
1.99802
2.00006
2.00012
2.00043
2.00027
1.99996
2.00012
1.99944
1.99934
2.00051
1.99996
2.00105
2.00083
2.00027
2.00106
2.00055
2.00103
1.99931
1.99878
2.00025
1.99913
1.99977
2.00026
1.99806
1.99908
2.00087
2.00061
1.99948
1.99998
1.99811
2.00155
1.99809
2.00108
1.99725
1.99798
2.00034
1.99972
1.99955
1.99971
1.99958
2.00083
1.99957
2.00004
2.00125
1.99855
1.99839
1.99866
2.00124
1.9999
2.00206
1.99926
1.99994
1.99939
2.00033
2.00083
1.9986
2.00102
2.00027
1.99974
2.00165
2.00045
2.00015
1.99905
2.00109
1.99779
1.99996
2.00102
2.00105
1.99948
2.00051
1.99982
1.99911
2.00067
1.99985
1.99911
2.00118
1.99866
2.00022
1.9982
2.00019
2.00054
1.99911
1.9991
1.99806
1.99979
1.99936
1.99958
1.99928
2.00026
2.00047
1.99959
1.99976
1.99958
2.00132
1.99887
2.00044
2.00068
2.0016
1.99889
1.99881
1.99939
2.00126
1.99974
1.99941
1.99932
1.99984
1.9995
1.99941
1.99987
2.00091
1.99955
1.99926
2.00056
1.99989
2.00033
1.99849
1.99967
2.00029
1.99886
1.99788
2.00056
2.00211
2.00039
2.00039
1.99986
2.00059
2.00033
2.00068
1.99858
1.99716
2.00113
1.99917
1.99923
1.99921
2.00012
1.99999
2.0011
1.99972
1.9978
1.99941
2.00023
2.00005
1.99948
1.99978
1.99925
1.99993
2.00092
2.00184
1.99815
2.00009
1.99998
1.99899
2.00144
2.0005
1.99937
2.00133
2.00043
1.9989
1.99992
2.0008
1.99873
1.99929
1.99946
1.99732
1.99974
1.99966
2.00111
2.00006
2.00029
1.99949
2.0005
1.9993
2.00084
2.00015
1.99813
1.99978
2.00244
1.9992
1.99887
2.00029
2.00045
1.99859
2.00153
1.99984
1.99945
2.00022
1.99929
2.00173
2.00007
2.00221
2.00101
1.99796
1.99817
1.99992
2.00026
1.99904
1.99942
1.99978
1.99884
1.99957
2.00004
2.00003
2.00082
2.00155
1.99881
2.0009
1.99986
2.00016
1.99857
2.00106
1.99979
1.99986
1.99886
1.99994
2.00025
2.00088
1.99963
1.99963
2.00011
1.99906
1.99893
1.99974
1.99878
2.00139
2.00072
2.00026
2.00021
1.99951
2.00167
1.99568
2.00128
2.00032
2.00002
1.99924
2.00047
2.00047
2.00172
1.9996
1.99979
2.00164
2.00085
2.00135
1.99995
1.99946
2.00103
2.00038
1.99921
1.99969
2.00024
2.00061
2.00122
1.99973
1.99983
2.00218
1.99856
2.00237
1.9998
1.99871
1.99977
1.99966
2.00035
1.99883
2.00035
1.99868
1.99981
1.99887
2.00056
1.99964
2.00017
1.99914
1.99994
2
1.99903
2.00031
1.99907
1.99984
1.9988
2.00009
2.00006
1.99939
1.99845
2.00043
2.00037
2.00121
1.99755
1.99967
2.00029
1.99906
2.00223
1.99991
2.00059
1.99952
1.9985
1.99986
1.99954
2.00106
1.99989
1.9997
1.99867
1.9985
2.00061
2.00024
1.99795
2.00052
1.99963
2.00024
2.00138
2.00176
2.00036
2.00117
1.99862
2.00035
1.99843
1.99914
1.99969
1.99943
2.00053
1.99874
1.99905
1.9992
1.99965
2.00011
1.99826
1.999
1.99839
1.99969
2.00127
2.00046
2.00111
2.00039
2.00067
2.00059
2.00216
2.00062
2.00037
1.99853
1.99919
1.99997
2.00026
1.99896
1.99898
1.9995
2.00065
2.00003
1.99868
1.99908
2.00058
2.00058
2.00139
1.99977
1.99938
1.99955
1.99897
1.99938
2.00163
2.00179
2.00042
2.00099
2.00166
2.0005
1.9997
2.00009
1.99978
2.00096
2.00123
2.00246
2.00037
2.00059
1.99917
1.99957
1.9982
1.99975
2.00012
1.99977
1.99845
2.00264
2.00126
1.99939
2.00096
2.00072
1.99927
2.00141
2.00078
1.99876
1.99845
2.00057
1.99955
2.00112
1.99808
2.0003
1.99982
2.00204
2.00142
1.99903
2.00074
2.00042
1.99955
2.00159
1.99927
1.99986
1.99997
1.99884
2.00028
2.00156
2.00015
2.001
2.0003
1.99953
2.00082
2.00004
2.00165
2.00002
1.99966
2.00036
1.99956
1.99946
1.99937
1.99919
1.99993
1.99942
1.99979
1.99869
2.00033
1.99952
2.00051
1.99919
2.00067
1.99806
1.99956
2.00176
1.9984
2.00007
2.00101
1.99866
2.00151
1.99965
2.00232
1.99977
1.9995
1.99904
2.00215
2.00099
2.00021
2.00067
2.00002
2.00037
1.99816
1.99932
2.00106
1.99996
2.00043
1.99872
2.00114
2.00063
2.00111
1.99821
2.00022
2.00218
1.9999
1.99933
2.00028
1.99995
2.00146
1.99931
1.99979
2.00093
2.00004
1.9995
2.00005
2.0005
1.99938
1.99962
1.99931
2.00018
1.99978
2.00014
2.00099
2.00058
2.00024
1.99896
1.99942
1.99979
2.00053
2.00095
2.00109
2.00005
2.00116
2.00103
1.99983
2.00021
2.00005
1.99986
1.99969
2.00003
1.99812
1.99995
2.00179
1.99966
2.00003
1.99856
2.00093
1.99914
2.00015
2.0004
1.99907
1.99829
2.00158
2.00006
2.0003
2.00095
1.99861
1.99996
2.00087
1.99871
1.99946
2.00106
1.99941
1.99925
2.00035
1.9996
2.00024
2.00106
1.9991
1.99932
1.99878
1.99849
2.00116
2.00083
2.00059
2.00025
1.99868
1.99993
2.00096
1.99917
1.99768
1.99974
2.00122
1.99967
1.99965
2.00211
1.99745
1.99986
2.00069
1.99929
1.99911
1.99864
2.0002
1.99852
1.9994
2.00174
2.00137
1.99943
2.0008
2.00013
1.99952
2.00095
2.00075
1.99984
1.99955
1.99949
1.99983
1.99861
2.00058
1.99909
2.00076
2.00051
2.00094
1.99901
2.00067
2.00026
2.00037
1.99957
1.99941
1.99934
1.9995
2.00029
2.00035
2.00103
2.00264
2.00187
2.001
1.99861
1.99993
2.00028
1.99948
1.99949
1.99846
2.00262
1.99845
1.99893
1.99961
2.00117
2.00071
1.99901
1.99994
2.00091
2.00005
1.99886
2.00055
1.99933
2.0005
1.99947
1.99862
1.99885
1.9992
2.00028
2.00145
1.99992
1.99822
2.00065
2.00043
1.99908
2.00159
1.99891
1.99939
2.00079
2.00002
1.99895
2.00059
2.00063
1.99982
2.00183
1.99996
2.00192
1.99912
2.00157
2.00128
2.00072
1.99994
1.99968
2.00067
2.00052
2.00251
1.99979
2.00153
1.99863
1.99953
2.0009
2.00114
1.99892
2.00005
1.99887
2.00137
2.00005
2.00016
2.00056
1.99835
1.99981
1.99989
2.00024
2.00065
2.00017
2.00124
2.00132
1.99918
2.00061
2.00184
2.00008
1.99825
1.99916
2.00181
2.00072
2.00069
1.99902
1.99955
1.99999
2.00046
1.99836
2.0013
2.00022
2.0015
2.00147
2.00119
2.00152
1.99922
2.00013
2.00186
2.00105
2.00034
2.00011
2.00138
2.00051
2.00088
1.99941
1.99848
1.99847
1.99895
1.99946
1.99953
2.00058
1.99915
1.99946
2.00015
2.00126
2.00161
2.00185
2.00016
2.0017
2.00075
2.00099
2.00069
2.00031
2.00056
2.00025
2.00054
1.99997
1.99826
2.00048
2.00064
2.00098
2.0027
2.001
1.99872
2.00061
1.99888
1.99868
1.99712
2.00063
2.00184
1.99972
1.99986
1.99873
1.99976
1.99711
2.00031
1.99842
1.9995
1.99984
2.00179
2.00118
2.00053
1.99906
2.00054
1.99677
1.99805
2.00023
2.00009
2.00053
2.00149
1.99789
1.99892
2.00114
2.00057
1.99924
2.00081
1.99949
2.00231
1.99883
1.99923
1.99936
1.99904
2.00191
2.00009
2.00028
2.00115
1.99861
2.00098
2.00042
2.00004
2.00034
1.99986
1.99816
1.99946
1.99954
1.99975
1.99949
1.99935
1.99887
1.99835
1.99995
2.00041
1.99857
1.99873
2.00161
1.99989
2.00042
2.00125
2.0006
2.00021
1.9997
1.99927
2.00002
1.99956
2.00116
1.9997
2.00143
2.00005
1.9998
2.00249
2.00018
2.00016
2.00098
1.99798
2.00067
1.99899
1.99978
2.00037
2.00039
1.99876
2.00136
1.99781
1.99883
2.00015
2.00015
2.00025
2.0007
1.99859
1.9995
1.99939
2.0011
1.99826
2.00072
1.99837
2.0012
1.99969
2.00026
1.99956
2.0011
1.99929
2.0008
1.99936
2.00043
2.00039
1.9993
1.99988
2.00023
2.00012
1.99839
2.00039
2.00133
2.00037
2.00003
1.99961
1.99979
1.99795
1.99961
1.99921
2.00167
2.0003
1.99998
1.99918
1.99964
2.00072
2.00044
1.99931
1.99893
1.99983
1.99911
2.00047
1.99968
2.00006
1.99871
2.00091
1.99874
1.99942
1.99851
1.99988
2.00161
1.99914
2.00191
1.99928
1.99954
2.00008
2.00129
1.99897
1.9987
2.00021
2.00012
2.00094
1.99988
1.9998
2.00006
2.00077
1.99946
2.00067
2.00161
1.99984
2.00073
2.00092
1.99891
2.00059
2.00114
2.00111
2.00029
1.99776
1.99934
2.0003
2.00072
2.00202
2.00031
1.99875
1.99999
2.0014
2.00095
1.99907
2.00091
2.00078
1.99789
2.00157
1.99993
1.99925
1.99993
1.99992
2.00117
1.99934
2.00165
2.0001
1.99839
1.99896
2.00082
1.99907
1.99939
2.00047
1.99902
1.9997
1.99963
1.99968
2.0002
2.00005
2.00194
1.99959
2.00108
1.9997
1.99926
1.99949
2.00096
1.99997
2.00045
1.99896
1.99997
2.00166
2.00076
2
1.99954
1.99853
1.99922
1.99948
1.99894
1.99928
1.99997
1.99962
2.00066
1.99991
2.00148
2.0012
1.99696
2.00165
1.99969
1.99996
1.99891
1.99878
2.00203
2.00036
2.00114
1.99959
2.00053
1.99897
1.99961
1.99932
2.00104
2.00074
2.00129
1.99937
1.99894
1.99893
2.00102
2.00117
1.99988
2.00058
1.99956
1.99978
2.00056
2.0014
2.00044
2.00139
2.00074
1.99908
1.99938
2.0002
1.99834
2.00033
1.99902
2.00174
1.99955
1.99957
2.00053
1.99954
1.99976
1.99912
2.00027
1.9986
1.99997
1.9991
2.00063
2.00017
1.99877
1.99888
1.99973
2.00028
2.00051
1.99997
1.99974
1.99945
2.00077
2.00184
1.99967
2.00046
2
1.99995
1.99976
1.99895
1.9991
1.99937
1.99964
1.99986
2.00067
2.00079
1.99958
1.99881
1.99912
2.00017
2.00072
1.99997
2.00046
2.0005
2.00073
1.99956
2.00074
1.99836
1.99974
1.99887
1.99968
2.00032
2.00009
1.99989
1.99995
1.99877
1.99986
1.99875
1.99916
1.99942
2.00116
2.00001
2.0017
2.00155
2.00018
1.9999
2.00039
2.0006
2.00027
2.00031
2.00117
1.99864
1.99926
2.00009
1.9989
1.99973
1.99776
1.99892
2.00008
1.99957
2.00148
2.00038
2.00097
2.00111
1.9993
1.99955
1.9988
1.99755
1.99995
2.00171
1.99969
1.99988
2.00048
2.00303
1.99958
1.99973
2.0008
2.00105
2.00103
2.00022
2.00154
1.99876
2.00192
2.00023
2.00126
1.9983
1.99887
2.00019
2.0011
1.99866
2.00248
2.00006
1.99975
1.99885
1.99998
1.99898
2.00094
2.00154
1.9985
1.99915
1.99984
2.00015
2.00022
1.999
2.00172
2.00105
2.00027
2.0008
1.9975
2.0001
1.99927
1.99905
2.00078
1.99949
1.99922
2.00007
1.99966
2.00007
2.00125
2.00036
2.00091
1.99997
2.00153
2.00213
2.00091
2.00119
1.99917
1.99874
2.00026
2.00204
1.99882
1.99898
1.99925
1.99949
1.99986
1.9999
2.0006
1.99973
1.99974
2.00071
1.99934
1.99987
1.99958
1.99883
1.99975
1.9985
1.99996
1.9999
2.00015
2.00204
1.99895
2.00047
1.99954
1.99941
1.99967
2.00041
1.99912
2.00159
2.00084
1.99884
1.99952
1.99857
1.99948
2.00109
2.00143
2.00025
1.99809
2.00076
1.99987
2.00171
1.99887
2.00029
1.99873
2.0001
1.9994
2.00045
1.99888
2.00072
1.99984
1.99954
2.0012
1.99992
2.00013
1.99979
2.00089
2.00039
2.00034
1.99978
1.99954
1.99871
2.0016
2.0012
1.99969
2.00053
1.99859
2.00083
2.00041
2.0009
2.00156
1.99869
2.00011
1.99952
2.00069
1.99991
2.00086
1.99966
2.00126
1.99988
2.00175
1.99963
2.00097
2.00057
2.00029
1.99944
1.99855
2.0011
2.00023
2.00042
1.99978
1.99989
1.99854
2.00061
2.00071
1.99973
2.00068
1.99852
2.00015
2.00027
1.99904
1.99908
2.00123
1.99958
1.99989
2.00045
1.99983
1.99901
1.99938
1.99918
1.99991
1.99866
1.99968
2.00217
2.00094
1.9999
1.9988
1.99913
2.00034
2.00032
1.99897
1.99902
1.9984
2.00075
1.99963
1.99976
2.00147
1.99845
2.00004
2.00061
1.99943
1.99946
1.99869
1.99967
1.99888
2.00056
2.00214
2.00148
1.99881
2.0002
2.00017
1.9982
2.00076
1.99988
1.99944
2.00087
1.99994
1.99942
1.99942
2.00071
1.99884
2.00019
1.99966
2.00024
1.99951
1.99905
2.00012
1.99973
1.99974
1.99853
1.99967
1.99928
2.00084
2.00148
1.99924
2.00061
2.00022
2.00043
2.00013
1.99983
1.99991
2.00107
1.99878
1.99981
2.00258
2.0001
2
1.9989
2.00151
2.00084
1.99883
1.99923
2.00002
2.00006
1.99911
1.99993
2.00126
1.99933
1.99905
1.99965
1.99885
1.99911
2.00035
2.00089
1.99986
1.9986
2.00076
1.99934
2.00092
2.00123
1.9992
1.99895
1.9994
1.99934
1.99853
2.00041
1.99957
1.99956
2.00033
1.99963
2.00047
1.99958
2.00016
2.0002
1.99949
2.00043
1.99978
2.00099
1.99902
2.00057
2.00107
2.00122
1.99914
2.00028
2.00099
2.00121
2.0002
2.0001
1.99932
1.99961
1.99982
1.99877
1.99948
1.99921
2.00087
2.00048
1.99927
1.99813
2.00129
2.00057
2.00143
1.99969
2.00165
2.00116
1.99879
1.99996
1.99914
2.00147
2.0003
1.99965
2.00003
2.00015
2.00026
1.99925
1.99978
1.99894
1.99947
1.99996
1.9998
2.00043
1.99986
2.00066
1.99849
1.99964
2.00126
2.00098
2.00022
2.0012
1.99984
1.99988
1.99965
1.99988
1.9997
1.99983
2.00007
2.00086
2.00033
1.9998
2.00022
1.99966
1.99872
2.00083
2.00147
2.00061
2.00035
2.00016
2.00208
2.00014
1.99901
2.00132
1.9985
2.0005
1.99943
1.99845
1.99932
1.99995
1.99907
2.00104
2.00145
1.99946
2.00166
2.0005
2.00036
1.99739
2.00075
2.00135
2.0006
1.99848
1.99928
1.99952
1.99887
2.00139
1.99819
1.99957
1.99899
2.00088
1.99992
1.99974
1.99881
2.00003
1.99919
2.00018
2.00104
2.00191
2.00076
2.00157
1.99964
1.99858
2.00209
2.00039
2.00073
2.00043
2.00056
2.00046
1.99845
2.00086
2.00129
2.00082
2.00253
1.99998
2.00025
2.00061
2.00011
2.00052
2.00094
2.00017
2.00018
1.99985
2.00043
1.99917
1.99976
1.99982
1.99767
1.99822
1.99877
2.00052
2.00157
2.00053
1.99979
1.99855
2.00124
2.00029
2.00059
2.00022
2.00019
2.00038
1.99945
1.99922
2.00067
1.99914
2.0002
1.99991
2.00046
2.00083
2.00046
2.00013
2.00065
2.00071
2.00042
1.99915
2.00144
2.00009
1.99867
1.99994
2.00024
2.00071
2.0009
1.99861
1.99972
2.00238
2.00036
2.00179
1.9988
1.99815
1.99853
1.99983
2.00131
1.99932
2.00011
1.99886
1.99986
2.00066
2.00041
1.9999
2.00073
1.99971
2.00112
2.00002
1.99996
2.00005
2.00106
1.99991
1.99874
2.00093
1.99789
1.99961
1.99908
2.00017
2.00119
1.99943
1.99991
1.99974
1.99962
1.99894
2.00057
1.99913
2
1.99868
1.99852
2.00047
1.99941
2.00073
2.00019
2.00039
1.99955
1.99936
1.9992
2.00004
1.99955
1.9997
1.99839
2.00124
1.99962
2.00157
2.00031
1.99859
1.9991
1.99914
2.00103
2.00048
2.00181
1.99906
1.99801
2.00141
2.00078
2.0013
1.99946
2.00103
2.00035
1.99978
1.99972
1.9992
1.99968
2.00062
2.00029
2.0007
2.0008
2.00177
1.99985
2.00113
2.00007
1.99733
1.99979
2.00041
1.99947
2.00105
2.00022
1.99993
2.0005
2.00009
2.00167
2
2.00034
2.00038
1.99836
2.00016
2.0002
2.00126
2.00031
1.99978
2.00003
2.00014
2.00201
2.00022
1.99701
2.00097
2.00061
1.99987
1.99982
2.00171
1.99927
1.9996
2.00009
1.99801
1.99983
2.00007
2.00018
2.0001
1.99985
1.99981
1.9998
2.00076
1.99914
2.00087
1.99906
1.99929
1.99928
1.99945
2.00012
2.00013
1.99868
1.99868
2.00202
1.99964
2.00126
2.00043
1.99912
2.00045
2.00124
1.99935
2.00079
1.99945
1.99717
1.99905
1.99812
2.00061
1.99989
1.99959
2.00205
1.9993
1.9999
1.99891
1.99983
2.0001
1.9996
2.00132
2.00107
2.00072
2.00119
2.00084
2.00084
2.00036
2.00021
2.0001
1.99965
2.00083
1.9981
1.99959
1.99976
2.00086
2.0009
1.9999
2.00115
1.99958
2.00057
2.00016
2.00055
2.00088
1.99964
1.99992
1.99997
1.99995
2.00007
1.99974
1.99987
1.99989
2.00061
1.99935
1.99872
1.99973
2.00222
1.99928
1.99898
1.99915
2
1.99998
2.00013
2.00174
2.00003
2.0008
2.00158
1.9991
1.99921
2.00006
1.99912
2.00253
1.99924
1.99931
1.9996
1.99913
1.99776
1.99921
2.00071
2.0005
2.0018
1.99949
1.99891
2.00032
2.0006
1.99988
1.99911
1.99943
1.99986
2.00194
2.00062
1.99987
2.00008
1.99988
2.00011
1.99891
2.00061
2.00123
1.99819
1.99894
2.00002
1.99946
2.00083
2.00037
2.00004
1.99919
1.99964
2.00035
1.99976
1.99845
1.99962
2.00074
2.00049
1.9992
2.00173
2.00011
1.99932
1.99901
1.99969
2.00012
1.99789
1.99855
2.00172
1.99866
2.00041
1.99976
2.00081
2.00078
2.00107
2.00001
2.00066
2.00018
1.99873
1.99901
1.99971
1.99927
1.99887
2.00204
1.99973
1.99926
1.99988
2.00184
1.99941
2.0001
1.99977
1.99987
2.00114
2.00089
2.00002
1.99988
1.99994
1.99897
2.00128
2.0001
1.99941
2.00011
1.99939
1.99904
1.99965
1.99898
1.99893
2.00172
1.99919
1.99983
1.99783
2.00044
2.00045
2.00014
2.00181
1.99936
1.99885
1.99935
1.99762
2.0003
1.99904
2.00006
1.99941
2.00045
1.99914
2.00032
1.99976
2.00027
1.99901
2.00116
1.9994
1.99979
2.00098
2.00162
2.00126
1.99982
1.99835
1.9989
2.00084
1.99994
1.99946
1.99904
1.99941
1.99983
2.00055
2.00013
1.99974
2.00024
1.99934
2.00034
1.99964
1.99911
2.00007
1.99804
2.00076
2.00049
1.9983
1.99993
2.00048
2.00112
1.9992
1.99948
2.00122
1.99993
2.00048
1.99876
1.9997
2.00046
1.99969
1.99744
1.99962
1.99959
2.0002
2.00195
2.00198
1.99954
1.99879
2.0011
1.99999
2.00088
2.00005
2.00047
2.00033
2.00157
1.99952
1.99936
2.00083
1.99921
2.00021
2.00005
1.99865
2.00088
2.00058
1.99824
2.00199
2.0008
2.0012
2.00051
1.9991
2.00094
2.00157
2.00037
2.00043
2.00045
1.99944
2.00071
1.9998
2.00023
2.00168
1.99893
2.00013
1.99793
1.99971
1.99988
2.00059
2.00112
2.00227
2.00031
2.00058
2.00011
2.00175
1.99894
2.00017
1.99874
2.00115
2.00138
2.0019
2.00128
1.99863
2.00036
1.99896
1.99998
2.00066
1.99889
1.99935
1.99894
2.00009
1.99889
1.99963
2.00004
1.99972
2.00063
1.99957
1.99957
2.00177
2.0007
1.9989
1.99808
2.00073
1.99935
2.00078
2.0015
1.99897
1.99913
2.00007
1.99953
2.00057
2.00156
1.99942
2
2.0002
2.00111
1.99941
2.00042
2.0003
2.00043
2.00013
1.99922
1.99952
2.00042
1.99939
1.99973
1.99825
1.99969
2.00318
1.99951
1.99849
2.00039
2.00138
1.99829
2.00088
2.00078
1.99894
2.00139
2.00071
1.99915
1.99993
2.00058
2.0004
2.00005
1.99927
1.99949
2.00032
1.99932
2.00001
2.00098
2.00071
2.0008
1.99913
1.99883
2.00133
2.00141
1.99781
1.99871
1.99751
1.99884
2.00051
1.99878
1.99951
2.00165
1.99839
2.00083
2.00273
2.00211
2.00074
1.9993
2.00053
2.00008
1.99998
2.00009
2.00152
2.00062
1.99905
1.99988
2.00065
1.99919
2.00068
1.99954
1.99893
1.99941
2.00066
1.99892
2.00103
1.99938
2.00058
1.99936
2.00088
2.00026
1.99964
2.00004
1.99956
1.99968
1.99953
2.00052
1.99925
2.00041
1.99849
1.99888
1.99939
2.00063
2.00034
2.0006
2.00003
1.9994
2.00067
2.00014
1.99903
1.9994
2.00139
1.99933
1.99838
1.99976
1.99985
2.00007
2.00061
2.00008
1.99965
1.99823
2.00026
1.99892
1.9994
1.99971
2.00121
2.00068
2.00051
1.99811
2.00201
2.00053
1.99967
1.99983
2.00241
2.00012
2.00043
1.99882
1.99876
2.00055
2.0003
1.99875
2.00034
2.00056
2.00026
2.00099
1.99994
1.99833
2.00007
1.99996
1.99949
1.99964
1.99855
2.00179
1.9995
1.99921
2.00106
2.00023
2.00087
2.00029
1.99998
1.9999
2.00161
2.00182
2.00253
1.99985
2.00058
2.00032
1.99945
1.99867
1.99963
2.0013
1.99895
1.99951
2.0003
2.0022
2.00004
1.99878
2.00066
2.00101
1.9991
2.00103
1.99838
1.99982
2.00018
1.99967
1.99883
2.00083
1.99837
1.99895
2.00062
2.00078
1.99871
2.00156
2.00039
1.9987
2.0011
2.00079
2.00107
1.99755
2.00068
1.99977
2.00036
2.00028
1.99945
2.00004
1.99995
1.99973
1.9999
2.00143
1.99857
1.9999
2.00063
2.00068
2.00043
2.00058
2.00108
2.00078
2.00191
1.99878
2.00078
2.00038
2.00151
1.99967
1.99949
2.00103
1.99856
2.00177
2.0013
1.9996
2.0025
1.99932
2.00113
1.99961
2.0014
1.99976
1.99991
1.99971
1.99997
1.99909
2.00002
1.99933
2.00049
2.00062
1.99893
1.99963
1.99884
2.00104
2.00131
1.99936
1.99954
2.00156
2.00019
1.9999
2.00059
1.9997
1.99962
2.00061
2.00025
1.9987
2.00006
2.00022
2.00002
2.00045
1.99973
2.00113
1.99982
1.99805
2.00153
2.00121
1.9989
1.9995
2.00074
2.00045
1.9989
1.99962
2
2.00084
1.99865
2.00015
2.00161
2.00144
2.00061
2.00121
2.00019
1.99888
1.99905
2.0005
2.00044
2.00011
1.99992
1.99927
1.99984
1.99994
1.99852
1.9996
2.00009
1.99996
1.99791
2.00063
2.00022
1.99974
2.00146
1.99988
1.99996
2.00241
1.99854
1.99989
1.9985
1.99977
1.99994
1.99948
1.99994
2.00042
1.99994
2.00013
2.00038
2.00036
2.00019
2.00068
1.99853
1.99989
1.99954
2.0026
2.00047
2.00045
2.00095
1.99953
1.99861
1.99937
1.99928
2.00002
1.99892
2.00124
2.00056
2.00058
1.99921
1.99757
1.99777
1.99893
2.00007
1.9993
1.99931
1.99945
1.99982
2.00128
2.00164
2.0017
2.00028
2.00088
2.00055
1.99878
2.0001
1.99878
1.99999
2.00129
1.99757
1.99994
2.00169
2.00239
1.99901
2.00011
1.99983
1.99849
2.00104
2.00169
1.99915
2.00087
1.99874
1.99943
1.99962
2.00002
2.00054
2.00009
1.99855
1.99844
1.99975
1.99853
2.00045
2.00134
2.00176
2.00086
1.99918
2.00045
2.00142
1.99989
1.99717
2.00085
2.00188
1.99895
1.99982
2.0012
1.99868
1.99948
2.00049
1.99933
1.99767
2.0007
1.99952
1.99974
1.9997
2.00095
1.99998
1.99963
1.99727
2.00042
2.00017
1.99794
1.99921
1.999
1.99996
1.99966
1.99846
1.99945
2.00001
2.00044
2.00103
2.00103
2.00004
2.00169
2.00049
1.99928
2.0005
1.99921
1.9987
1.99865
1.99926
2
1.99987
2.0007
2.00066
1.99982
1.99768
1.9986
2.00021
2.00103
2
2.00188
1.99952
1.99903
2.00044
2.00156
2.00033
2.00047
1.99927
2.00003
1.99975
1.99995
1.99855
1.99887
2.00024
1.99991
1.99963
2.00054
2.00011
1.99891
2.0007
1.9989
2.00142
2.0006
1.99991
2.00047
1.99951
1.99873
1.99863
1.99941
2.00139
2.00048
2.00038
1.99922
1.99966
2.001
2.00116
1.99971
2.0005
2.00117
1.99962
1.99844
1.99979
2.00187
1.99931
2.00212
2.0002
2.00029
1.99932
1.99885
1.99957
2.00121
1.99925
2.00046
2.00043
1.99943
1.99826
1.99999
2.00052
1.99941
2.00089
1.99947
2.0005
2.00115
1.99993
1.99933
1.99992
1.99935
1.99934
2.00097
1.99852
2.00035
2.0019
1.99952
2.0005
1.9995
2.00144
2.00131
1.99865
1.99993
1.99906
1.99995
2.00049
1.99993
1.99894
1.99874
1.9983
2.00037
1.99898
1.99942
1.99974
2.00151
2.00024
1.99974
2.00044
2.00076
2.00044
1.99803
1.99865
2.00165
1.99926
1.99956
2.00105
1.99958
2.00018
2.00012
1.99923
2.0005
2.00143
1.99954
2.00136
2.00113
1.99989
1.99888
2.00073
1.99956
1.99895
2.00014
1.99962
1.99985
1.99969
2.00078
1.99846
1.99971
2.00025
2.00068
2.00054
1.99916
1.99896
2.00025
1.99895
1.99944
2.00025
1.99961
1.99882
1.99992
1.99977
1.99928
1.99947
1.9999
1.99864
2.00004
1.99823
2.00018
1.99857
1.99955
1.99903
1.99966
2.00007
1.99844
1.99845
1.99971
1.99824
2.00055
1.99853
2.00033
2.00078
2.0011
2.00042
2.00067
1.99953
2.00097
2.00164
2.00034
2.00003
1.99989
2.00014
1.99934
2.00138
2.00041
1.99973
2.00073
2.00028
1.99858
2.00079
2.00065
2.00064
2.00031
2.0001
1.99992
1.99946
2.00116
2.00018
2.00026
1.9998
1.99898
1.99989
1.99899
2.00117
2.00081
1.99797
2.00011
2.00088
2.00054
1.99876
1.99992
2.00153
2.0001
2.00119
1.99978
2.00125
1.9997
1.99888
1.99935
2.00003
2.00189
1.99989
2.00051
2.00084
2.001
1.99979
2.00128
2.00079
2.00047
1.99985
2.00038
2.00122
1.9987
2.00042
1.99928
2.00286
1.99993
1.99799
2.00012
1.99836
1.99994
1.99915
1.99826
2.00113
2.00015
2.00061
2.00019
2.00015
2.00091
2.00074
1.99982
2.00063
1.99969
2.00049
1.99991
1.99968
1.9984
2.00114
1.99998
2.00129
1.99844
2.00075
2.0012
1.99925
1.99994
2.00167
2.00005
2.00076
1.99969
2.00062
1.99908
1.99925
2.00033
2.00114
2.0021
2.00135
2.00033
1.99994
1.99938
2.00106
1.99889
2.00164
1.9993
1.99801
1.99979
1.99863
1.99988
1.9999
2.00171
1.9989
2.00077
1.99915
1.99832
2.00215
2.00138
1.99861
1.9987
2.00027
2.00028
2.00124
2.00043
1.99943
1.9986
2.0011
1.99941
2.00085
1.99992
1.99985
2.00023
1.99948
2.00024
1.9996
2.0004
1.999
2.00047
2.00081
1.9982
1.99783
1.99995
2.00013
1.99947
2.00022
2.00029
2.00197
1.99861
1.99871
2
2.00102
1.99961
2.00082
2.00162
1.99982
1.99952
2.0015
1.99918
2.00086
1.99963
2.00013
1.99992
2.00038
2.00027
2.00109
2.00054
1.99904
2.00196
2.00084
2.00104
1.99916
1.9997
2.00072
1.99946
2.00019
1.99952
1.9992
1.99802
1.99943
1.99798
1.99977
2.00063
1.99905
1.9998
2.00108
2.00143
1.99944
1.99983
1.99987
1.9996
1.99899
2.00063
2.00237
2.0023
2.00037
2.00071
2.00016
1.99934
1.99946
2.00107
1.99944
1.9996
2.00142
1.99879
2.00096
1.9997
2.00078
2.00052
2.00153
2.00075
2.00074
2.00038
2.00035
1.9982
1.99993
2.00055
1.99874
2.00103
1.99947
1.99947
2.00066
1.99834
1.99957
2.00236
2.0015
1.99951
1.99917
1.99807
2.00118
2.00034
1.99945
1.99945
1.99876
1.99938
1.99927
1.99791
2.00153
2.0008
1.99918
1.99809
2.00104
1.99943
2.00002
1.99916
1.99974
2.00118
2.0001
1.99889
1.9992
1.99996
1.99972
1.99951
2.00121
1.99878
1.99927
1.99963
1.99901
2.00013
1.99969
1.99948
2.00022
2.00101
2.0004
2.00126
2.00079
1.9984
2.00175
2.00009
1.99876
1.99978
1.9999
1.99989
1.99842
2.00075
2.0019
1.99976
2.00115
1.99991
1.99958
1.99934
2.00081
2.00199
2.00175
1.99969
2.00108
1.99974
2.00004
1.99937
2
2.00086
2.00057
1.99948
1.99944
2.00199
2.00095
1.99764
2.00044
2.00067
1.99889
2.00056
1.99955
1.99957
2.0009
1.9999
1.99924
2.00191
1.99909
1.99977
1.9995
2.00018
1.998
1.9994
2.00053
2.00041
2.00021
2.00065
2.001
1.99964
1.9993
2.00068
1.99998
2.00053
1.99998
1.99978
2.00137
1.99955
2.00109
2.00038
1.99997
2.0009
2.00119
2.00037
1.99916
2.0011
2.00064
2.00032
2.00107
1.99965
2.00039
1.99907
2.00074
2.00031
1.99957
1.9998
2.00016
2.00104
2.00109
2.00022
2.00079
2.00027
2.00178
2.00049
1.99985
1.99928
1.99986
1.99853
2.00069
1.99988
1.99831
2.00012
2.00039
2.00074
1.99858
2.00165
1.99933
1.99899
2.00066
1.99843
2.00052
2.00126
1.99831
2.00035
1.9998
2.0002
1.99888
2.00126
1.99931
1.9985
1.99899
1.99987
1.99922
2.00134
2.0002
2.00073
2.00042
1.99962
2.00052
1.9988
1.99838
2.00047
2.00066
1.99992
1.99892
1.99913
1.9987
1.99988
1.99954
2.00018
2.00018
2.00094
2.00025
1.99936
2.00075
2.0002
2.00011
1.99907
2.00011
1.99996
2.0005
1.99948
1.99946
1.99947
2.00019
2.00191
1.99915
1.99982
1.99731
1.99992
2.00147
2.00008
2.00028
1.99997
2.00182
2.00064
1.99992
1.99899
2.00004
1.99844
1.9995
1.99998
1.99928
1.99863
2.00075
2.00108
2.00148
2.00104
2.00006
2.00214
1.99972
1.99916
1.99845
2.00012
2.00044
1.99907
2.00009
2.00105
1.99846
1.99925
1.99813
2.00093
1.99942
2.00063
1.99899
1.99931
1.99861
1.99694
1.99854
2.00055
1.99945
1.99942
1.99885
2.00048
1.99937
1.99946
2.00127
2.00048
2.00109
1.99996
1.99951
1.99839
2.00025
1.99906
2.00068
2.00278
1.99904
2.0007
2.00065
2.00021
1.99839
1.9996
1.99908
1.99981
1.99952
2.00075
1.99933
2.00056
1.99819
2.00033
2.00018
2.00192
2.00071
1.99914
2.00129
1.99937
2.00105
1.99953
2.00095
2.00082
2.00141
2.00058
2.00008
2.00121
2.00056
1.99912
1.9985
2.00101
2.00147
1.99952
1.99998
2.00121
1.99994
2.00025
1.99873
2.00057
1.99884
1.99981
1.99953
1.99973
1.99985
1.99998
1.99982
1.99994
1.99844
1.99981
2.00065
1.99825
1.99958
1.99938
2.00094
1.99992
1.99948
1.99971
1.99893
1.99989
2.0009
2.00114
2.00068
2.00143
1.99956
1.99899
1.9998
1.99975
1.99894
1.99878
2.00014
1.99919
1.99895
2.00073
2.00129
2.00051
1.99794
1.99683
1.99977
2
1.99886
1.99983
2.00108
1.99848
2.00063
2.00113
1.9987
2.00071
2.00007
1.99958
1.99985
2.00069
1.99872
1.99928
1.99773
1.99966
2.0003
2.00178
1.9999
2.00042
2.00067
1.99912
1.99978
2.00073
1.99972
2.00234
2.00125
1.99819
1.99907
1.99882
2.00151
2.00098
1.99843
1.99817
1.99942
2.00086
2.0001
1.99993
2.00072
2.0026
1.9988
1.99879
1.99975
2.00109
1.99915
2.00082
2.0009
2.00167
2.00048
1.99918
2.00149
2.00008
2.00076
2.00067
2.00067
2.00126
2.00057
2.00035
2.00048
1.99863
1.99921
2.0009
2.00152
2.00096
2.0004
1.99995
2.00036
1.99915
1.99954
2.00065
1.99842
1.9998
2.00286
1.9999
1.99931
1.99969
2.00212
1.99948
1.99891
2.00203
1.99966
2.00024
1.99982
1.9998
2.00009
1.99896
1.99997
1.99961
1.99997
2.00156
2.00018
2.00177
1.99988
1.99997
1.99965
2.00077
1.9997
1.99857
1.99877
2.00158
1.99958
2.00072
1.99875
2.0003
2.00125
2.00016
2.00006
2.00032
2.00014
1.998
2.00148
1.99981
2.00035
2.00071
2.0011
2.00105
2.0009
2.00053
2.0003
1.99888
2.00012
1.9992
1.99995
1.9993
1.99941
1.99934
1.99956
2.00016
1.9986
2.0014
1.99824
1.99922
1.99897
1.99886
1.99892
1.9991
1.99957
1.99822
2.00071
1.99943
2.00048
1.99976
1.99936
1.99998
1.99967
2.00051
1.99955
2.00115
1.99901
2.00013
1.99937
1.99972
1.9998
2.00017
1.99956
1.99887
2.00188
2.0006
2.00003
2.00015
1.99949
2.00081
2.00318
1.99933
1.99951
1.99963
2.00107
1.99905
2.00121
2.00113
2.0005
2.00108
1.99902
2.00004
2.00089
1.99905
2.00036
1.99995
2.00053
1.9994
2.00244
2.00209
2.00069
1.99987
2.0003
1.99907
1.99917
1.99973
1.99976
1.99986
1.99988
2.00063
2.00047
1.99919
2.00032
2.00062
2.00153
2.00102
2.00202
2.00098
2.00115
2.00034
2.00004
2.00056
2.00029
2.00084
1.99886
1.99933
1.99961
2.00088
2.00078
2.00001
1.99973
1.99994
2.00126
2.00046
1.99971
1.99804
2.00052
2.00074
2.0018
2.00109
1.99933
1.99998
2.00051
1.99941
1.9992
1.99978
2.0003
2.00089
1.999
2.00152
1.99939
1.99928
2.00079
2.00099
1.99994
1.99934
1.99929
1.99964
1.99933
1.99795
1.99965
2.00089
2.00103
2.00127
1.99978
2.00154
2.00065
1.99995
2.00151
2.00056
2.00149
1.99954
2.00107
1.99988
2.00082
2.00104
2.00104
2.00293
2.00014
1.99932
2.0005
1.99957
2.00183
1.99957
2.00056
2.00079
1.99871
1.99938
1.99916
1.99932
1.99982
2.00126
2.00114
2.00048
2.00099
1.99828
2.00137
2.00067
1.99989
2.00171
2.00032
2.00088
1.99921
2.00056
2.00091
1.99948
2.00082
1.99988
2.00107
1.99948
1.99943
1.99955
1.99845
2.00025
1.99869
1.99913
1.99872
1.9998
1.99952
1.99949
1.99849
1.99941
1.99862
1.99993
1.99965
2.00122
2.00025
1.9992
1.99965
2.00081
1.99921
2.00006
2.00018
2.00032
2.00144
1.9985
2.00119
1.99982
1.99992
2.00039
2.00097
1.9998
2.00077
1.99981
2.00149
1.99971
2.00065
2.00117
2.00084
1.99933
2.00021
2.00024
2
1.99845
2.00136
2.00059
2.00027
1.99931
1.9986
1.99836
1.99999
2.0016
1.99985
2.00147
2.00022
2.00096
1.99979
2
1.99972
1.99933
1.99832
2.00017
2.00118
2.00177
2.00075
2.00018
2.00036
2.00009
1.99749
2.00095
1.99998
1.99916
2.00003
1.9999
1.99922
1.99982
2.00031
1.99878
2.00163
1.99986
2.00186
1.9989
2.00034
1.99933
1.99868
