1.99353
1.98524
2.00705
1.9858
2.00426
1.998
2.00324
1.97568
2.00659
2.01697
2.00824
1.99545
2.01826
2.01677
2.00302
1.98564
2.00523
2.00279
2.00432
2.00468
2.01912
2.00366
2.00257
2.00793
2.00736
1.99113
1.98896
2.0036
2.00693
1.99143
2.00697
1.99611
2.00327
2.00663
2.00411
1.99076
1.98674
2.00252
1.9932
1.99706
2.00221
2.00428
1.98801
1.97806
1.99307
2.01801
1.978
2.00315
1.99689
2.01237
1.99431
2.00417
2.00422
1.99797
1.9991
2.00168
1.98056
1.99431
1.98634
1.99412
1.9856
1.99917
2.00788
1.98795
2.00213
2.01424
2.00683
1.9951
1.99195
2.00961
2.00714
2.00342
2.01598
1.99407
2.00468
1.99993
2.00494
2.01006
1.99091
2.00243
1.99946
1.99545
1.98991
2.00721
1.99526
1.99776
1.99196
1.99523
1.9986
2.00765
1.98528
2.00114
2.00131
1.98524
1.99963
1.997
1.99903
2.00399
2.00289
1.99945
1.98525
2.00336
2.00081
2.01292
1.99249
1.99624
1.98861
1.99223
2.00053
2.01064
2.01476
2.00326
2.01249
1.99772
2.01203
2.00322
2.00886
2.00588
1.9973
1.99961
2.01249
2.00808
2.00154
2.00281
2.00381
1.99851
1.99279
1.99236
2.0001
2.00292
1.99425
2.01466
1.99159
2.01414
1.98323
2.01191
1.99423
2.00347
1.99811
2.01059
1.99421
1.99854
2.01399
2.00584
1.9914
1.98932
1.98828
2.0006
1.97849
2.01558
2.00436
1.99252
1.98737
1.99972
1.99786
1.98938
2.0011
1.99878
1.98834
2.01064
1.98832
2.00946
2.00255
2.00634
2.00143
2.00308
2.00605
2.00474
1.9954
2.00663
2.00187
2.00753
1.98231
2.01446
1.99013
1.98998
1.99503
2.0037
1.99988
1.98746
2.00362
2.01056
1.99976
1.97367
1.99332
2.00243
1.99999
1.97054
1.99879
1.999
2.01604
1.99785
2.02415
1.99369
2.01244
2.00207
1.99704
1.99843
2.01618
1.99871
2.0104
1.99116
2.01037
1.98611
2.01241
1.99379
1.98333
1.99591
1.99334
2.00257
2.01519
1.99771
2.00952
2.00457
1.9997
2.00375
1.99876
1.99691
2.00425
2.00335
2.0015
1.98796
1.99024
1.98839
1.99625
2.01276
1.98355
2.00092
1.99742
1.97971
2.0059
1.99997
1.99221
1.99748
2.01912
2.00608
2.0136
2.01097
1.98247
2.00056
2.00551
1.98688
2.01189
1.99275
1.99402
1.99832
2.00254
2.00289
2.01183
2.00902
2.00035
1.99183
1.99263
2.00832
1.99823
2.00913
1.99874
2.00362
2.02546
1.98258
1.99271
2.00612
1.99025
1.99561
1.98377
1.99476
1.97096
1.99206
2.0065
1.99438
1.98822
2.00748
1.9888
1.99612
2.00998
2.00059
2.00958
2.00219
1.99528
2.00331
2.00565
2.01203
1.99266
2.02288
1.97447
2.00638
1.99823
2.00337
2.00941
2.00256
1.99931
1.99303
2.01649
2.00367
2.01031
1.98412
1.99952
2.01652
1.98642
1.99529
2.00761
1.98525
1.99883
2.01089
2.00536
1.97905
1.99758
1.99836
1.98484
1.99888
2.00287
2.00154
2.0052
2.00627
1.97454
2.00568
2.0146
1.98982
1.99521
2.00074
2.00333
2.00403
2.00201
2.00574
2.00864
1.99328
2.00237
1.97892
2.00252
1.99975
1.99795
2.01065
1.99859
2.01539
2.01377
1.99303
1.99841
2.00159
1.98882
1.98682
1.98778
2.01089
1.99302
1.99437
1.9959
2.00295
2.01275
1.98047
1.99166
2.00187
2.00532
1.99009
2.01962
2.00264
1.99728
1.99946
1.979
1.99891
1.99239
1.98722
1.99371
1.99634
2.0011
1.99347
1.99517
2.00268
1.99655
1.99209
1.98283
1.98506
1.99633
2.01912
1.9931
2.00694
2.0005
1.99632
1.98958
2.00087
1.99482
1.99855
2.00768
2.00095
2.00425
1.98188
1.98702
1.99961
1.99625
2.00159
2.00586
2.00987
2.00365
2.0012
1.99335
2.00548
1.99391
2.00933
1.99145
2.01507
2.01054
2.0101
2.00761
1.99525
1.99612
2.00323
2.00571
2.00738
2.00927
1.99361
2.01106
2.00056
2.01167
2.00183
2.00259
2.02243
1.98985
2.00868
1.9816
2.00304
2.00928
2.01546
1.99899
2.02434
1.98752
1.98852
1.98968
2.0016
2.0049
1.9912
2.00413
1.98758
2.0037
1.99671
2.00256
2.00025
1.9975
1.98125
1.99825
2.00875
2.01504
2.01449
1.99984
2.00216
1.99559
1.99809
2.0022
2.01226
1.99232
1.98747
2.00993
2.00493
1.97908
2.0152
1.98996
1.99706
2.01075
2.0038
2.0075
2.00705
1.99664
2.01538
2.01756
2.00632
1.98875
2.00678
2.02038
2.00426
2.01298
2.00555
2.0112
2.01045
1.9962
2.00913
2.00269
2.0119
2.0004
1.98559
1.98119
2.0118
2.00707
1.99779
1.99843
2.00409
2.00287
1.99985
1.99606
2.00479
1.99166
2.00024
2.00266
1.99482
1.99751
2.00577
2.00476
1.99861
1.98842
2.00858
1.9975
1.9884
1.98834
1.97875
2.00666
2.00992
1.99528
2.01137
1.99761
2.00003
1.9939
1.99547
2.00415
1.98917
2.0095
1.99419
1.99138
1.98605
2.00063
1.9941
2.00686
1.99989
2.00001
2.01699
1.99829
2.00812
2.00766
1.99253
1.98744
1.99591
2.00461
1.98217
2.01285
1.99967
2.00287
2.0236
2.00326
2.00784
2.01283
1.97821
2.00078
1.99065
2.01371
1.98905
1.99545
1.99924
2.00815
2.00141
2.00731
2.00312
2.01753
2.00415
1.99453
1.99268
2.00337
1.99881
2.01609
2.01486
2.01511
1.99816
2.00046
1.9723
2.00284
1.9906
2.0003
2.00961
2.00095
2.00806
1.99398
1.99258
1.98511
2.00638
1.99392
1.98607
1.97499
2.002
2.01277
2.00943
2.00136
2.00975
2.00025
1.98769
2.00068
2.0048
1.98531
2.01199
2.00733
2.02111
1.9995
1.99919
1.98914
1.99843
2.00681
2.00495
1.96992
1.98053
1.99967
2.01879
2.00104
2.01059
1.98581
2.00171
1.99585
1.9959
1.99137
1.99201
2.02474
1.99008
1.98637
2.01039
2.00656
1.98674
1.99489
2.00297
1.99345
2.00738
2.01582
1.99621
1.99585
1.99142
2.00652
2.01585
2.01185
1.98778
2.01173
2.01149
1.98409
1.99859
1.99113
1.98403
1.99124
2.01069
2.0051
2.00021
2.01639
2.01732
1.99745
1.99786
1.99948
1.99917
2.01266
2.00025
2.01047
2.004
2.00104
2.00446
2.01054
2.00244
2.00701
2.01463
1.99658
1.99967
1.99985
1.99848
2.00134
1.98915
2.00227
1.9865
2.00086
1.99894
2.00645
2.00749
2.00477
2.0075
2.01034
2.00541
2.00694
1.99782
2.01355
1.99584
1.98867
1.99679
2.00891
1.99537
2.00535
2.00538
1.98797
1.9956
1.99615
2.00698
1.99273
1.99172
1.99322
1.99705
2.0079
2.00301
2.00365
2.00287
1.99141
2.00078
1.998
1.98603
1.99831
1.99387
1.99993
2.01334
2.01407
2.00929
2.00122
2.00678
2.01031
2.00424
1.99809
1.97785
1.98918
1.99844
1.9967
2.01356
2.00399
1.99695
1.98326
2.01141
1.99112
2.00298
2.00632
2.00216
2.00453
1.98096
2.02237
1.99159
2.01299
2.00473
2.01025
1.98147
1.99408
2.01042
1.97781
2.01464
2.00313
1.99013
2.00131
1.99387
2.00675
1.9852
2.00057
1.99185
1.98063
1.99484
1.9763
2.00294
1.99897
2.01805
2.01776
1.99639
2.0019
1.99386
1.98662
2.00625
2.00686
2.0171
2.0095
2.01172
2.00418
2.02128
2.00565
1.98817
2.00326
2.00988
2.00479
2.005
2.00381
1.98359
2.00242
2.00256
2.02072
1.98885
1.99865
1.98926
1.97813
1.99823
1.9913
1.99857
1.99301
2.01272
2.00045
2.00241
1.99425
1.98302
2.00218
2.01337
1.99654
2.01175
2.00212
1.99856
1.99759
1.98785
1.99541
1.99576
2.00303
2.00381
2.00444
2.01212
2.00358
2.00016
2.01291
1.99475
1.99719
2.01247
1.99392
1.98863
2.00346
1.99291
1.99876
1.99779
1.99704
1.99374
1.99504
2.00362
2.00346
1.99473
2.00087
1.99183
2.00479
1.99445
2.00294
2.01277
2.00291
1.98819
2.0007
1.99893
1.99941
2.00467
2.01481
1.9853
