2.01062
1.99114
2.00748
2.01408
1.98329
2.00465
2.00779
2.02036
1.97732
2.00402
2.00999
2.01722
2.0147
2.01376
2.01439
1.98109
1.99617
2.00025
2.00748
2.03512
2.00496
1.99177
2.00622
1.9924
1.97889
1.9946
2.01722
1.98517
2.00182
1.99365
2.01502
2.01784
1.99491
1.98203
1.99051
2.00905
2.01093
1.99994
2.00779
1.99146
2.03167
2.01031
1.98297
1.99114
2.00905
1.97543
2.00308
1.99837
2.00873
1.95658
1.99742
2.00685
1.99114
2.01125
2.00748
1.9924
1.98517
1.98486
2.02884
1.99428
1.97292
1.99114
2.01376
2.00245
2.00936
2.00968
2.01156
2.01093
2.02067
1.97889
1.98643
1.98015
1.9924
2.01219
1.99711
2.01062
1.99177
1.99397
2.01125
2.00811
2.01219
1.99428
2.01784
1.99177
1.98988
2.00214
2.00151
2.0147
2.01313
2.03041
1.99428
1.99711
1.97763
1.99617
2.0169
2.00308
1.97858
2.00088
2.00151
2.03135
2.00025
2.01062
2.02476
2.00779
2.00277
1.98957
2.02256
1.96758
2.01156
1.99742
1.98297
2.00591
2.00371
2.00654
1.98423
2.00905
1.99523
2.00654
1.98674
2.0323
2.00905
1.99554
1.99523
1.988
1.97229
2.00465
2.00622
1.9968
2.00968
2.01125
1.99805
2.02413
1.98423
2.01879
2.02319
2.00119
1.98015
1.97983
2.02256
2.00088
1.99931
1.98329
1.99397
2.0169
2.02319
2.02947
1.99303
2.00214
2.02287
2.01188
1.99491
2.03952
1.99994
2.00999
1.98894
1.97512
2.0191
2.0279
1.98643
2.03261
1.99554
2.00999
1.99931
2.00371
1.97449
1.99334
2.00339
1.98517
1.95878
2.00591
1.97355
2.01062
1.98957
2.00277
1.99962
1.99303
2.00402
1.97858
2.00434
1.99051
1.99742
1.98926
2.01313
1.98894
2.02036
2.00277
2.03135
1.99648
2.01093
1.98831
2.01219
2.01093
1.98957
1.9902
2.01879
2.01816
1.9836
1.98486
2.00025
1.9814
2.01784
1.99648
2.00905
1.99271
2.0301
1.99994
2.01282
1.96727
2.0323
1.9836
2.01376
2.00088
2.0147
2.00151
2.00685
2.00308
2.00528
1.97104
2.0125
1.98486
1.99365
1.99805
2.00182
1.97858
1.98329
2.00496
2.00999
2.01533
2.0125
1.99837
1.99994
2.00496
2.00434
1.98329
2.00716
1.97952
1.97983
2.01376
1.99962
1.99523
1.98769
1.99962
1.98894
1.96978
1.9836
2.00088
2.00245
2.02193
1.9968
2.00654
2.01031
2.00905
1.98894
1.98486
2.00685
1.99962
1.9902
2.01753
2.00528
1.97638
1.99554
2.00811
1.9946
1.99554
2.02004
2.00654
1.98643
2.0147
2.00245
1.97135
1.98737
1.99742
1.9858
1.98926
1.98863
1.98926
2.02224
1.9968
1.98046
1.98234
1.99962
2.03544
2.00591
2.01847
2.01062
2.00277
2.0301
1.97889
1.99711
2.00402
1.98517
2.01879
1.97104
1.98674
2.01345
1.99428
2.02413
1.9858
1.95061
2.00528
2.01784
1.99397
2.01439
2.01093
1.9902
2.0169
1.99931
1.98454
1.98706
1.98454
2.00968
2.00716
1.99271
1.98988
2.02319
2.01722
2.01565
2.0191
1.96004
2.02884
2.02853
2.00936
1.9946
2.00151
2.01784
2.02004
1.99428
2.02256
2.00182
1.99994
1.98863
2.01345
1.98517
2.04298
2.00151
1.98831
2.01376
2.00434
2.00057
1.98831
2.00905
2.01062
1.98674
1.98486
2.0169
2.00119
2.01753
2.00182
2.0125
2.0125
2.00088
2.01062
1.99428
2.00842
1.98831
2.0213
1.99711
2.01973
1.97009
1.99585
1.99585
1.99711
2.00151
1.9968
2.01093
2.00182
2.02413
1.98957
2.00528
2.01627
2.01533
1.99617
2.00088
1.9946
1.98392
1.97575
1.99994
1.99303
2.00528
2.02853
1.97261
2.00057
2.00936
2.01784
1.98643
2.00434
1.99397
1.99774
2.02099
2.02161
2.00277
1.99711
2.01816
2.00339
1.98706
1.98297
1.99083
2.00968
2.00182
2.00371
2.01439
2.00968
1.99523
2.02444
2.00465
2.00277
1.98549
2.0125
1.97072
1.99962
1.98549
1.99208
2.0169
1.97826
1.99994
1.97481
2.00779
1.99428
2.00182
1.97606
1.98831
2.00057
1.98674
2.0147
2.01062
1.99114
2.00182
2.01313
1.9902
2.01659
1.99523
2.00968
2.00308
2.00434
2.00591
2.00308
2.01062
2.00025
2.00339
1.98077
2.00559
1.98172
1.97606
2.00654
1.99334
2.00559
2.01942
2.01156
1.98517
2.00559
2.00999
1.99554
1.96601
2.02476
1.99837
1.99711
2.01219
1.99931
1.99868
1.99962
2.0235
2.00716
1.98423
1.98737
2.03167
2.0169
2.02915
1.99585
1.99491
2.02067
1.96287
1.98611
2.01062
1.99617
2.00151
2.00654
2.02633
1.99271
1.99271
1.98297
2.00842
2.00214
2.01062
1.99585
2.00151
2.03575
1.98172
2.00465
1.99303
2.00182
2.00339
1.99774
2.01376
1.97983
2.04266
2.00402
2.00528
1.99428
2.02036
2.01219
2.00434
2.01282
1.98957
2.00559
2.00685
2.00057
1.98329
1.97826
1.99303
2.00528
2.00151
1.9459
2.01942
1.99617
2.00559
2.00905
1.98297
2.00716
1.97983
2.01942
1.97826
2.02319
1.98517
2.00559
1.9814
1.99177
1.99523
2.00999
1.99837
1.98423
1.99397
1.9968
2.00528
2.0279
2.00182
2.00025
1.99397
2.02004
2.01188
1.99962
2.01533
2.00528
1.97638
2.00371
1.99146
1.98423
2.01376
1.99271
1.999
1.98549
1.9946
2.00936
2.00622
2.02538
1.98988
1.98926
2.02256
2.03198
1.98109
2.00339
1.99334
2.02067
1.98234
1.99397
1.9968
1.98706
1.99585
1.95878
1.98769
2.00025
1.99334
2.01722
1.98894
1.99428
2.02633
1.97889
2.0235
1.99554
1.99397
1.99083
2.00339
1.98549
2.01816
2.00873
1.96507
2.02036
1.9792
1.98894
1.99837
1.98109
2.02884
1.98077
2.0147
1.99177
2.01847
2.00999
1.97889
2.00025
1.9814
2.00685
1.98046
2.00748
2.00936
1.99837
1.99805
2.01659
2.00685
2.02476
2.02287
1.97543
2.01973
1.98863
1.98831
2.00905
2.00088
1.99114
2.00214
2.01062
2.01502
1.98517
1.99711
2.02978
2.0125
2.01533
1.99146
2.01345
1.9946
1.98329
2.01627
1.95973
1.99837
1.99208
1.97952
1.98988
2.01376
2.02381
1.9902
2.00654
2.00151
2.01408
2.01125
2.0191
2.00025
2.01408
1.9946
1.98266
2.01376
2.00182
1.97858
2.02413
2.00465
1.99083
1.98988
1.97512
1.99523
1.97418
2.01282
2.01973
1.98737
2.01439
2.02444
1.99962
2.00182
1.99083
1.98674
2.00779
1.99146
1.99837
2.00025
2.01847
1.99397
1.97826
2.01596
2.00214
2.02821
1.97606
1.98737
2.00811
2.00748
1.97386
1.999
1.98988
1.99271
2.00559
2.01565
2.01784
1.98674
2.01219
2.0301
1.99491
2.00308
1.98611
2.0345
1.98392
1.98454
1.99554
1.9968
1.98611
1.98549
2.00119
1.98894
2.03921
2.00339
1.99365
1.98486
2.01408
1.9924
2.01596
2.01408
1.99931
2.02538
1.999
1.9902
1.99365
1.99428
2.03041
2.02161
1.99617
2.00214
1.99554
1.99742
2.02727
2.00245
1.9858
2.01596
1.99114
1.99523
1.99397
1.9792
2.01219
2.00119
2.01627
2.00905
1.9946
1.98266
1.97481
2.00088
1.97763
1.98517
1.98266
1.99805
1.99837
1.97418
1.9924
1.98988
2.02413
1.99428
2.00528
1.97386
1.9902
1.97732
2.01942
1.999
1.99303
1.98015
2.00968
1.99208
1.99051
1.97826
2.02319
1.96789
2.03669
2.01942
2.01565
2.01973
1.99491
1.99742
2.01596
1.93993
1.98926
1.99837
2.01376
2.00559
2.01565
2.00968
1.98737
2.00528
1.99051
2.00025
1.96852
1.96475
1.97826
1.99083
2.0213
1.98297
1.98549
1.99868
1.98423
1.99208
1.999
1.99146
1.97386
2.01219
1.99994
1.99208
1.99994
1.9968
1.99083
2.00748
2.02727
1.98831
1.98926
1.96538
1.98926
2.01093
2.00528
2.0235
1.99083
1.99428
2.00842
1.96664
2.00622
1.99742
1.98234
2.0169
1.98988
2.0191
2.03355
1.9814
1.99114
2.03261
