2.07087
1.986
2.02268
2.11289
2.0812
2.10513
2.00405
2.02967
2.03002
1.98492
1.94315
1.91728
2.04368
2.05019
1.97597
2.07172
2.16033
1.93559
1.99001
2.07396
1.86595
2.02433
2.06569
1.97594
2.08046
2.06941
2.09087
2.04288
2.19007
1.89226
2.0397
1.90737
1.98162
1.9756
2.05876
1.98948
1.87007
2.06018
2.18418
1.86862
1.84805
2.10742
2.12476
2.13133
1.83022
1.97236
2.10485
1.99165
1.96226
1.94352
1.88337
2.03443
1.9507
1.77381
1.89561
1.82393
2.10922
2.00548
2.00173
2.03845
2.05874
1.92349
1.93131
1.95906
1.99603
2.0593
2.05589
1.93929
2.10154
2.01253
1.95165
1.96496
2.03343
2.04468
2.07467
1.88234
2.01079
2.0367
2.03164
1.93228
1.92014
1.75675
1.82845
1.93571
2.04969
2.12756
1.85342
1.93956
1.88882
2.04199
1.90325
1.97765
1.94972
2.07984
1.97831
1.91015
2.0455
2.09155
1.84366
2.04811
2.09275
2.09047
1.65285
2.0577
1.82535
2.01135
2.08486
2.03232
1.93212
2.03017
1.85368
1.97565
2.14414
1.90894
2.10209
2.00326
2.16511
2.0617
2.0302
1.96078
1.93323
1.99143
2.01161
2.00865
2.08025
1.95102
2.19845
1.96811
1.84275
2.15215
1.79958
1.94982
2.12777
1.98383
2.02712
1.8355
2.02676
2.11524
1.98088
1.93368
2.02888
1.97846
1.99882
2.06638
1.90496
2.14023
1.92237
1.90603
2.13404
1.97282
1.98135
1.91872
2.11101
1.86096
1.9124
1.96846
2.18115
2.02574
2.1326
2.1243
2.04362
1.95044
1.95571
2.06981
1.91044
2.13436
1.82223
2.02037
2.17591
1.91464
1.93559
2.06161
1.94063
1.98199
1.84513
2.14456
2.02751
1.95472
2.03662
1.87306
2.14944
2.00584
2.03149
1.94606
2.01771
1.98556
2.05811
2.00224
2.07801
1.91047
1.89245
2.00889
1.8546
1.97607
1.88088
1.89868
1.94186
2.09597
1.81333
1.93009
2.12149
1.87794
2.02929
2.05473
2.05973
2.10247
1.98647
1.95396
2.10572
1.90334
1.86448
2.14241
1.89664
1.973
2.09521
1.93523
1.86229
1.98972
1.87491
2.00666
2.05156
1.91207
1.98274
2.11655
1.95616
2.0242
1.74641
2.044
2.06595
2.14806
2.05938
2.11853
2.03362
2.14014
2.14824
1.86932
2.05495
1.97618
2.01407
2.08196
1.92068
2.00395
2.09425
2.01919
1.99842
2.12453
1.79812
2.07899
1.78788
1.97411
2.24773
2.06735
2.08958
2.00614
1.81581
1.95887
1.99394
2.01919
1.98744
2.11829
2.04265
1.93036
1.9224
1.91886
1.9509
2.05871
1.95849
1.88938
1.91533
2.06095
2.1015
1.92501
1.9059
2.10861
2.05488
1.91733
2.00172
2.02182
1.96325
2.02958
1.94174
1.98256
1.86481
1.94891
2.10496
2.0686
2.03811
2.11133
2.0441
2.0321
1.74117
1.93235
1.9852
1.83736
2.10858
2.13683
2.11612
1.94056
2.07116
1.74632
1.8909
2.02611
1.94129
1.98185
1.89994
2.02472
2.05493
2.13219
2.02317
2.01727
1.95563
1.89343
2.16587
1.85915
2.00178
2.11329
1.86185
2.12454
1.9397
1.84363
1.97088
2.16614
1.97624
1.83596
2.0476
1.86602
1.95221
1.97283
2.0767
1.89701
1.93626
2.13771
2.09891
1.96512
2.00362
1.87256
1.99209
1.82526
1.89183
2.01097
1.98314
2.07171
2.06437
2.18366
1.93259
2.11494
2.13496
1.71225
2.0571
1.90983
1.92111
2.15753
1.88598
1.98784
2.04548
1.98998
1.98029
1.93295
1.92556
2.17766
2.10819
2.06907
2.16215
1.85136
1.99869
2.03608
1.96101
1.98412
2.05154
2.01145
1.90973
2.05256
1.81115
1.88172
2.06758
1.82089
1.94466
2.0642
2.0999
2.1023
1.97763
1.96297
1.93125
1.98089
2.03889
2.04396
1.97049
2.21739
2.03256
2.16394
1.82608
2.00621
1.91526
1.92599
1.90202
2.07314
1.90101
1.97142
1.94202
2.02755
1.9247
2.08252
1.94328
2.2124
1.94625
2.13551
2.06855
1.9663
1.94832
2.08137
1.96139
2.05561
1.96751
2.00958
1.84924
2.0402
1.94801
2.02408
1.9178
1.90698
2.04724
1.99103
2.14512
1.9918
1.98264
2.14585
2.08257
2.00086
2.03078
1.99063
1.93483
1.99057
1.95309
2.05482
1.8629
2.06077
1.954
1.87814
1.98226
2.13878
2.20045
2.10917
2.08524
1.83087
1.9585
2.08285
2.13012
1.99188
2.03291
2.07174
2.03535
1.88731
2.08943
1.86022
1.97709
2.15328
1.90418
2.18211
1.85114
1.83195
2.04667
1.95355
1.77688
2.02464
1.99292
2.12313
2.05881
1.95863
1.83281
2.12053
2.02639
2.08199
2.0274
1.9931
1.92683
1.98509
1.83538
2.0521
2.1125
1.93279
1.97018
1.99328
2.24532
2.01443
1.96785
1.9795
1.99716
1.84514
2.09343
2.12713
1.91608
2.13213
2.05542
1.83739
2.02057
2.0211
2.05477
2.10001
1.98349
2.00765
2.06127
2.09566
2.0101
2.01278
1.97943
2.17487
1.9832
1.87981
2.07093
2.02848
1.97446
1.97312
1.91585
1.92806
2.12153
1.86511
2.00313
2.0434
1.95456
2.09574
1.83484
2.10744
1.99808
1.98229
1.89544
1.88483
1.98565
2.09419
1.88867
1.97162
1.85513
1.9148
1.96441
1.86794
2.1185
1.9293
2.1036
2.10632
1.893
2.1808
2.09181
1.93611
1.80677
1.90218
2.09344
2.01311
2.05056
1.9891
2.08348
1.89952
2.05621
2.0384
2.099
2.10404
2.05634
2.07108
2.07912
1.85681
1.93018
1.9998
1.96146
1.95558
1.98829
2.04893
2.12663
1.85406
1.86121
2.05947
2.01239
1.9888
2.03585
1.90362
1.90932
2.03708
2.03192
1.93341
2.07874
2.05049
1.98376
2.0058
2.02715
2.01657
2.02455
1.92859
2.05805
2.02507
1.79513
1.9037
2.15018
2.0679
2.06964
1.94425
1.76322
1.87874
2.12994
2.06228
1.99405
1.92019
1.95177
2.09828
2.05279
2.02182
2.09048
2.00882
2.10375
1.92564
1.86127
1.99524
1.81469
2.0203
1.85741
1.91756
1.90644
1.95677
2.08292
1.90548
2.11236
1.95386
2.05495
2.04223
2.03965
1.96682
1.98975
1.96915
2.05097
2.01418
1.95818
2.02618
2.06505
1.96165
1.99121
1.94686
2.00417
2.1551
1.90505
2.01244
2.05303
1.93305
2.12201
2.05854
1.83288
1.99965
2.06502
2.02984
1.92153
2.04605
1.85208
1.91288
1.95894
2.03092
1.99092
2.00034
2.01295
2.01908
2.0729
1.91617
2.03872
2.01667
1.90254
1.97017
1.90497
2.00262
2.05262
2.05486
2.02466
2.0922
2.04266
2.00817
2.00907
2.09341
1.9337
2.15193
2.18357
1.88892
2.10394
2.07428
2.08995
2.03317
2.06416
1.95068
1.86991
2.104
2.02835
1.96213
2.17494
1.74508
2.00723
1.82435
1.87062
2.03343
2.1872
1.9181
1.82178
1.87823
1.9711
1.99047
2.09844
1.94935
2.11807
1.8909
1.98248
2.00455
2.0354
1.88335
1.91145
2.07872
1.93657
2.05548
2.0465
2.04684
2.11541
2.01754
1.92209
1.89496
2.03447
1.72684
2.06926
1.80106
1.95236
1.88632
1.92717
2.12297
2.01124
2.09642
2.02146
1.83789
2.00714
2.01753
1.91157
1.98679
2.1119
1.90775
2.13575
1.93435
1.97933
2.0574
1.89359
2.06074
1.80859
2.01999
1.90374
1.85843
1.93529
2.17498
2.01092
2.0235
2.13427
1.93848
2.01248
2.04117
1.89437
2.12985
2.013
1.95623
2.00539
1.95237
1.93343
2.01238
1.89895
2.02249
1.91312
1.97122
2.08395
2.01537
1.92968
2.00871
1.94473
2.06369
1.99909
1.88214
2.01377
1.89374
2.21341
2.06239
1.83309
2.13567
1.97825
2.26982
2.01892
1.92988
1.87661
1.95258
2.09014
1.91729
2.14991
2.04042
2.25115
2.11796
1.95749
1.90969
2.00331
1.9969
1.97708
1.95093
1.99301
1.87198
2.02085
2.16802
1.9701
2.00653
2.03418
2.00708
2.02557
1.81038
1.957
1.87525
1.93693
2.06883
1.95203
1.94382
2.11309
2.04242
2.06859
1.7401
2.07062
1.863
1.9759
2.0017
2.08172
1.99001
2.04819
2.17244
1.99948
1.98449
2.02487
1.96101
1.98708
1.96889
2.02531
2.01733
1.91581
1.99615
2.0431
1.74627
2.00207
2.05938
1.98943
2.09183
2.00369
1.93483
2.11763
2.22999
2.02523
1.94733
1.98921
1.90266
1.98439
1.85587
2.12448
2.12753
1.89178
2.14543
1.95747
1.82689
1.91551
2.08235
2.00781
2.0587
1.99279
1.86933
2.05099
1.83058
2.06487
2.14882
1.97818
1.92897
1.96254
1.78112
2.1878
2.02397
1.84876
1.95923
1.93524
2.27814
1.9105
2.0298
1.85463
2.06503
1.87543
1.72257
2.07439
2.14919
2.11005
1.97936
2.01855
1.90898
1.98311
1.90434
1.92241
1.98298
2.08727
1.93467
2.0844
2.16995
2.03401
1.9954
1.99069
2.07708
1.8958
1.87402
2.03121
2.0637
1.88697
2.04417
2.07793
2.05255
2.00256
1.89752
2.19543
2.07822
2.02214
2.12162
1.97857
2.02335
1.92864
1.94475
1.99602
2.02538
1.86466
2.10956
1.97176
1.89593
1.78662
1.99512
1.85068
1.94478
1.96844
1.88219
1.89325
2.07772
2.00863
2.01681
1.93436
1.82069
1.92127
1.79534
1.94803
2.17458
1.96975
1.85534
2.01903
2.06233
1.97006
1.87605
1.93689
2.11687
1.98974
2.07914
2.11732
1.99164
2.05317
1.91228
1.91731
1.73885
2.18096
1.85333
2.00899
1.71244
2.09448
2.07781
1.85766
1.88093
2.01202
2.03621
2.0147
2.035
1.92566
1.93013
2.02225
1.87942
1.9591
1.92921
1.85881
1.97184
1.99458
1.89065
2.075
1.91519
2.10309
1.98757
2.17786
2.00577
2.02886
1.84232
2.06739
1.9332
2.04125
1.90007
2.08095
1.93979
2.04612
2.00406
2.03207
2.03442
2.10442
1.92563
2.0059
2.00143
1.99136
1.94542
2.14548
2.02266
2.18086
1.9952
2.06638
2.02234
1.96716
2.24116
1.82625
2.05854
1.90297
1.83131
2.04177
2.05165
2.14594
2.09813
2.02187
1.86448
2.13873
1.83644
1.89971
2.00045
1.98011
1.75935
1.90289
1.8404
1.98099
2.12416
1.95584
2.0464
2.01744
2.05599
1.95404
1.93815
1.9422
2.23079
2.06469
1.97304
2.13896
1.95284
1.87341
2.13063
2.00217
2.06913
1.97861
1.91796
2.06493
1.84605
2.03922
2.08949
2.04721
1.95751
1.95344
1.97391
2.05142
1.98736
1.96175
2.15472
1.93901
1.90645
2.01615
2.06225
2.01323
1.87121
2.05842
2.08849
1.96716
1.89815
1.938
1.98946
2.01477
2.05956
1.97297
1.82513
2.15959
1.97439
2.06337
2.14012
1.99993
2.04257
2.05178
1.92185
1.95416
2.06138
2.11346
2.13868
1.87028
1.99333
1.98344
2.11364
1.95001
2.02081
1.99031
2.09203
1.98608
1.96853
2.20233
1.86429
2.06423
2.08205
1.78582
1.99004
2.12424
2.07967
2.19065
1.85044
2.04729
2.18303
2.06828
2.12617
2.08377
1.82193
1.87701
1.97873
2.08766
2.05469
1.90718
2.14731
1.98349
2.00464
2.06949
1.99548
2.13153
2.14883
1.95808
1.8895
2.16361
1.9303
2.01127
1.84106
2.06412
1.98323
2.00961
2.13679
1.94275
2.22983
1.94653
2.10603
1.9502
2.01674
1.98972
2.03263
2.02217
2.0176
2.10336
1.90856
2.00125
1.95818
1.9553
1.87609
2.02183
2.08945
2.0154
1.92204
2.23587
2.19779
2.05789
2.06996
1.95104
2.08496
1.84885
2.02198
2.09083
2.08655
2.00715
1.953
1.92275
1.97774
1.90041
2.07108
2.05796
2.02826
1.90682
1.94997
2.08064
2.08798
2.02624
1.93117
1.80042
1.96447
1.93971
2.17523
1.9853
1.951
2.04118
2.05835
2.14764
2.18167
2.11871
2.09178
2.05536
2.03155
1.93902
2.06352
1.93189
2.03226
1.87497
1.97583
2.14789
1.99714
2.07374
2.0006
2.11985
2.08151
1.99627
2.04186
1.91004
1.94088
2.06706
1.97953
2.11176
2.1129
2.1593
1.89915
2.04303
1.86842
1.96442
2.20404
1.95719
2.00125
2.03971
1.99558
1.91035
2.14826
1.92577
1.86517
2.09443
2.20418
1.96124
2.03989
2.00815
2.03075
1.97942
1.95445
2.01222
2.01394
2.04354
1.91427
1.97633
1.82211
2.16909
1.97405
2.02148
2.02901
2.0732
2.03087
1.89453
2.01936
1.81687
2.05349
1.93823
1.98594
1.95273
2.12027
1.94789
1.83665
2.11714
1.88082
1.94184
1.96238
1.85975
2.11285
1.90315
1.8687
1.94467
1.8986
1.97797
1.98731
2.01317
2.04971
1.85799
2.00904
2.03725
2.09883
1.98484
2.10971
2.01792
2.04862
2.00548
1.91423
2.08422
1.89711
2.09734
2.00627
2.02696
2.0834
2.11725
1.99957
2.0291
2.01693
1.87872
2.13353
2.0575
1.93748
2.12403
2.1668
2.06857
1.95541
2.06633
2.29226
1.99614
1.91346
2.11898
1.98485
1.96867
1.98331
2.04608
2.08485
1.96494
2.03782
2.0302
2.22863
1.98836
2.15979
1.97507
2.16438
2.02845
1.81916
1.93376
2.00369
1.84891
1.91925
2.10988
1.89821
1.82175
1.80559
1.99825
1.84856
1.98199
2.03493
2.11026
2.02696
2.03478
2.08151
2.08076
2.05649
1.74591
1.9886
1.97025
2.06829
2.07582
2.06671
1.96827
1.91236
2.03557
1.84175
1.96144
1.86979
1.90654
2.04464
1.9002
1.91792
2.0202
1.95442
1.87389
2.11996
2.06491
1.92662
2.01416
2.06804
1.98104
2.1261
1.96412
2.0687
1.92617
2.07297
2.08823
1.86197
2.28332
1.90571
2.03287
1.96611
2.05558
1.83533
2.04846
1.99884
1.91148
2.03446
2.02811
1.99757
2.07011
2.00078
2.00381
1.99839
2.09709
2.03555
1.93174
2.09824
1.9855
2.05846
2.10001
2.06665
1.97207
2.03032
2.03519
1.93329
1.92827
2.09317
1.98798
1.80094
1.85183
1.88342
2.00894
2.11096
1.96291
1.91595
2.02613
2.05074
1.87263
1.98943
1.94528
1.99746
1.97964
2.03476
1.9601
2.13202
2.06772
2.02718
2.07971
1.88193
2.00939
1.95374
2.0595
1.95441
1.94379
2.12631
1.86691
1.94576
1.91979
2.04394
2.02019
1.9692
2.05409
1.99065
2.18565
1.91293
2.21613
1.91089
1.93396
1.92317
2.07266
2.05493
1.99834
1.97412
2.26176
1.96044
2.00022
2.10483
1.97139
2.03302
2.04511
1.95933
2.00051
2.12088
2.05978
2.07956
1.79712
1.99608
1.9413
1.88588
2.02657
1.88388
2.02782
1.99723
2.06033
1.96467
2.01924
2.17792
2.05291
1.93105
1.94554
1.9815
1.98405
2.02838
1.94928
1.93816
1.87141
2.104
1.87514
2.0341
1.85807
2.06017
1.96294
1.8993
2.00144
2.13279
2.13948
1.88257
2.06722
2.01396
1.90501
1.89727
2.07752
2.00117
1.94952
1.94823
1.97575
2.03877
2.00808
2.08516
2.20598
2.05073
2.22625
1.97227
1.92009
1.98658
2.09498
1.87389
2.12866
1.99408
2.08554
1.85767
1.90838
2.17549
2.08044
2.01353
2.19388
2.11304
2.09908
2.08803
1.9625
1.8995
2.0768
2.04629
1.82936
2.12684
2.05743
2.00021
1.84167
1.91821
1.91309
2.20636
2.11912
2.09102
2.08414
1.9708
1.86982
1.95718
2.01173
2.00419
2.02471
1.94822
1.90469
1.8153
1.96871
1.93384
1.91865
1.86625
1.86014
2.02944
2.08284
2.01508
2.11871
2.07221
1.99068
1.95766
1.97865
1.90893
1.89157
2.03138
2.04973
1.99136
1.93696
2.01524
2.0427
2.0603
1.98315
1.98368
2.10504
1.93234
2.15819
1.99265
2.0419
1.7834
1.92159
1.91628
1.96789
2.08126
1.92737
1.89283
1.91181
2.03947
2.15036
1.85558
2.17292
2.11086
1.97949
2.06343
1.7705
2.1327
2.16299
1.88728
1.9409
2.01285
2.12702
1.86612
2.01376
1.90365
1.89196
2.03438
2.1058
1.70037
2.00973
2.05461
2.0262
2.00387
1.91686
2.07399
2.12171
1.82885
2.03256
1.95787
2.01969
1.9754
1.95025
2.03272
1.90316
1.96579
1.84909
1.9689
2.00178
1.99556
2.08195
1.95824
2.0571
2.04054
1.88598
2.07627
1.83469
1.92956
2.01245
1.90616
2.02234
1.84691
2.01234
2.16494
2.05284
2.07358
1.94419
2.23687
2.08823
2.13604
2.01979
1.91357
2.00726
1.98133
2.17371
1.95413
1.98802
1.99755
1.95582
2.06894
2.19008
1.98366
2.2454
1.9869
2.0837
1.897
1.92439
2.16905
2.05071
2.05148
2.13808
2.04828
2.08293
1.94327
1.9077
1.94007
1.97643
1.83444
2.0445
2.03643
2.04538
2.01091
1.9158
2.02742
1.96955
2.03088
1.92648
1.97572
1.93647
2.04706
1.82973
2.05248
1.81916
1.9601
1.95304
1.96111
2.02634
1.8802
1.94408
2.04126
2.09865
2.03659
2.03973
2.04372
1.92695
2.21525
1.96525
1.90133
1.92061
1.9786
1.88076
2.01585
1.93753
2.16686
2.00391
1.92864
1.90484
2.11339
1.92701
2.10783
1.9211
1.93783
2.01879
2.07074
2.04861
1.98997
2.01986
2.00133
1.88452
2.09528
2.12627
1.96935
2.10554
2.04812
1.98264
2.07723
1.99553
1.98273
1.9985
2.04608
2.13491
1.97802
2.09859
1.93219
2.12181
2.10619
1.90337
2.23503
2.05538
1.78615
2.07865
2.02767
1.97282
2.0298
2.19507
2.03696
1.7684
2.03462
2.01365
1.87821
2.10569
2.18868
2.00819
2.02957
1.98955
2.06402
2.07399
2.0054
2.12403
1.90177
1.94735
1.92385
2.11832
1.96816
1.99678
1.93577
2.08223
1.89786
1.95075
2.12847
1.92044
2.14276
2.18157
1.98871
2.19425
2.02848
2.07943
2.0712
2.14801
2.10008
2.03279
1.90712
1.95927
2.0093
1.89213
1.9714
2.13497
2.06672
2.01684
2.02448
1.87001
2.17326
2.10919
1.97135
2.13027
1.97017
1.91777
1.91881
1.9103
2.03428
1.89407
1.98684
1.83687
1.95876
2.20146
1.99927
1.94843
1.8542
2.05922
1.73489
1.967
1.918
2.15488
1.9856
1.88718
2.14021
2.10535
2.0928
1.89136
2.04022
2.10095
1.91794
1.98878
1.98709
1.9943
2.1088
2.05426
1.94722
1.95826
2.17517
1.9046
2.0209
2.05928
2.05503
2.03453
2.08902
2.14927
1.97741
2.12497
1.92602
2.06343
1.83252
1.79008
2.05594
1.92955
2.06904
2.01305
2.00398
1.99967
2.12075
2.1083
1.87292
1.9068
2.11237
2.07334
1.89717
2.0133
2.00831
1.968
2.03736
2.0032
2.02359
2.19027
2.02127
2.06209
2.07245
2.07991
2.00778
1.92008
1.98368
2.03361
2.0415
1.96656
2.01551
1.97543
1.95257
1.97628
2.03019
2.07
2.00359
2.11172
1.94346
1.84614
2.0024
1.98261
2.02399
1.99396
1.98955
1.95658
2.07167
1.93346
1.94894
1.95572
2.03683
1.9112
1.94065
2.03174
2.02145
1.85188
1.98033
1.98041
2.06265
2.13085
2.01902
1.93364
1.9837
1.97464
1.98004
1.99093
1.83204
1.96118
1.99201
1.87157
2.12824
1.88977
1.9485
2.04231
1.91175
1.91234
1.96893
1.82167
1.77439
2.00284
1.96671
2.04924
1.91237
2.08086
2.02251
2.06487
2.11738
2.0926
2.06332
2.02417
1.93903
2.13481
2.11301
2.13712
2.01277
2.08737
1.89303
2.10676
1.83614
1.91035
2.01466
2.06039
2.05184
1.9465
2.07196
1.9632
1.98075
2.09209
2.12178
2.06576
1.91535
2.19803
2.02162
1.80604
2.04087
1.86663
2.0844
2.1137
1.99288
2.07897
1.97318
1.96607
2.12976
2.18023
2.03103
2.26928
1.91626
2.16374
1.91119
2.11624
1.96826
1.98488
1.98301
2.17173
2.0367
1.95308
1.88066
1.85669
1.87311
2.16028
1.92769
1.82082
1.99577
2.03397
2.01067
2.16209
1.81855
2.16406
1.91007
1.93745
1.91443
2.07512
2.13455
1.94133
1.93438
1.99507
2.09262
2.01057
2.00096
1.80912
2.16698
2.08654
1.9537
1.97023
1.98434
1.87486
2.01281
1.9354
2.01103
2.03608
2.06362
2.09395
2.13335
2.01076
1.98705
1.98844
2.13937
1.91354
2.08249
1.96259
2.22104
2.09415
1.90304
1.98148
1.97482
2.08564
1.95847
1.89683
2.01271
2.05256
2.04805
2.18133
1.98815
2.00375
1.89752
1.9312
2.01243
1.97846
2.15118
1.8657
1.84165
1.97141
1.94473
2.03458
2.00011
2.06405
1.97846
2.00902
1.88171
1.90503
2.01879
1.91862
2.01859
2.14538
2.01418
1.98602
1.97611
2.04347
1.9135
2.10478
1.96462
1.94152
1.96503
1.83718
1.98186
2.03118
2.0455
1.91515
1.99099
1.76316
1.97147
1.95407
2.11605
2.0326
2.20241
2.00908
2.1602
1.91275
2.00308
1.89291
2.09008
1.93257
2.04633
1.9501
1.88318
1.94344
2.11275
1.8975
2.02314
1.97964
1.98526
2.01711
1.9916
2.02432
1.90451
2.01935
1.79838
2.05416
1.79265
1.89291
2.15369
2.06696
1.93248
1.99667
2.08465
2.14204
1.90081
1.88974
1.927
1.892
1.98535
2.05478
1.95108
2.04456
2.1223
2.13202
2.03843
1.91899
1.78323
1.93872
2.07901
1.96793
1.83869
2.19592
2.13082
2.16195
2.14941
1.84511
1.99337
2.08491
2.04203
1.95548
1.94257
1.89942
2.09773
1.91946
2.05487
1.83844
1.86704
2.14229
2.11033
1.94339
1.86935
2.10602
1.95351
1.98845
2.01217
1.9836
1.9017
1.83651
1.89435
2.11031
1.95824
1.78634
2.16157
1.92462
1.84834
1.85942
2.00603
1.76462
1.90662
2.03261
1.87044
2.04454
2.1236
2.09592
1.95936
1.76253
1.99582
2.0221
2.08112
1.98934
1.98448
2.13723
2.11649
2.18323
2.01817
2.01155
2.09028
1.89639
2.01969
2.14744
2.05258
2.09583
1.92395
2.01553
1.97599
2.14042
1.93303
2.04527
2.03099
2.09317
1.93674
1.91641
2.12496
2.0156
1.87747
1.93077
2.04672
2.15002
1.83894
1.99549
2.0647
1.83737
2.07191
1.98306
1.97876
1.98606
1.93837
1.94925
2.05641
2.11943
1.87307
1.86553
1.96595
2.07501
2.04586
2.01088
1.93813
2.10312
1.75436
1.82655
2.01201
2.04851
1.92101
2.04791
2.0246
1.96371
1.8666
2.02159
1.90042
1.97374
1.89817
2.07959
1.96257
2.12668
1.9875
2.01643
1.82612
1.92486
2.11188
1.83327
2.12277
2.03808
2.30312
2.11256
1.97298
2.06287
2.02192
2.02292
1.89686
2.02074
1.99608
1.84871
1.87378
2.03832
1.8142
2.08617
1.96058
1.97588
2.00424
2.08241
2.01632
2.06408
1.99764
1.93418
2.20434
2.10132
1.98797
1.99474
1.9781
2.14458
1.83397
2.05221
1.95144
1.88031
1.94953
2.00884
2.09645
2.09803
1.98365
1.8485
1.8589
1.94695
1.88694
2.097
1.90364
2.12571
1.91978
1.81353
2.10409
2.00179
1.99644
1.89392
2.02626
1.9781
1.75899
2.187
1.90329
2.05308
2.144
2.12543
2.15861
2.06679
1.73321
1.92121
2.0499
2.01003
2.09036
1.95584
1.88333
1.91331
1.93744
2.04086
1.94447
1.96825
1.9926
2.0171
2.00867
2.07154
1.91605
1.74701
1.99853
2.08043
1.83652
1.93668
2.02908
2.03515
2.05497
1.97563
2.03106
1.95573
1.88211
1.80436
1.80445
1.96144
2.05688
1.94815
2.03048
1.99394
1.87789
2.05515
1.74745
1.94768
2.07258
2.03805
1.99277
1.9567
2.14347
1.86095
2.03995
2.01454
2.08967
2.07143
2.02565
1.89661
1.98108
2.01309
2.13765
1.93205
2.22819
2.03225
1.9477
2.01896
1.98678
1.76601
2.00449
1.89414
1.82663
2.14716
1.91964
1.92751
2.14707
1.89046
2.01307
2.10387
2.06214
1.84224
2.0123
1.82473
2.02214
2.05333
1.94018
2.03607
1.89351
2.16373
2.00996
2.02315
2.06039
1.98479
2.02942
1.99829
1.96172
2.08444
1.94789
2.21278
2.10497
2.09553
2.00518
1.85999
2.0038
2.14105
2.1198
2.16607
1.98831
1.89885
1.94238
1.99004
1.99642
2.19659
1.79819
2.05034
2.03438
2.02695
1.92869
1.9545
1.93977
1.93351
1.91639
2.00963
2.02885
2.10038
2.01736
1.95089
2.13294
2.00167
1.91201
2.10352
1.93549
2.05093
2.19203
1.91972
1.91024
1.97957
1.97088
1.94325
2.08456
2.05556
1.9785
2.06444
1.88613
1.87986
2.04815
1.89445
2.19517
2.01535
2.10826
2.10355
1.97096
1.90354
2.15693
1.88004
1.92619
1.96384
2.00057
1.90918
2.07373
2.0248
1.88608
1.93603
1.98932
1.92213
2.09243
2.08217
1.99662
2.13518
1.98361
1.86458
1.96341
2.03111
2.03337
1.9922
2.18526
1.91138
2.1487
1.90142
2.19101
2.03525
2.08256
1.84102
2.07831
2.02961
2.21805
2.01214
1.92685
2.11143
2.11657
1.94145
1.9869
2.00452
1.86288
1.99785
2.09766
2.06426
1.98044
2.06235
2.19527
1.96858
1.8759
2.01322
1.90264
2.08279
2.07603
1.96396
1.84121
2.05175
2.10227
1.96541
2.01865
2.12582
2.2449
1.89418
2.00739
2.15354
1.86283
2.10568
1.94797
1.88356
2.11077
1.91542
2.05913
2.1625
1.9898
2.0601
2.05249
2.09786
1.9144
1.8985
1.95613
2.14015
1.9382
2.024
2.08384
1.94519
1.97529
2.001
1.90491
2.01871
1.91321
2.02243
1.93822
1.91514
1.84759
2.11226
2.13466
2.02579
2.04857
2.05264
1.87457
2.15761
1.96021
1.98251
2.17623
2.11151
2.18395
2.04029
2.16011
2.0364
2.13418
2.01901
2.0997
2.08786
1.92335
1.99705
1.84902
1.89326
1.97075
2.02238
1.95569
1.95194
1.81097
2.27656
2.04519
2.0154
2.06894
2.0242
1.91765
1.76526
1.91352
2.06778
1.90828
1.84745
1.63213
1.97816
1.93802
1.97202
2.02463
2.22141
2.05889
2.06808
1.81665
1.94756
1.88746
1.98562
2.04548
2.04113
1.89975
2.02937
2.05999
1.95275
2.03189
2.0399
1.9203
1.98075
2.07483
1.94057
2.01576
2.00089
1.92196
1.96399
2.10168
2.03532
1.90072
2.01128
1.88196
2.11751
1.92821
2.15979
1.94596
1.86057
2.02935
1.98709
1.91813
1.87825
1.82565
2.14334
2.0456
1.92409
2.1159
1.99047
1.88184
2.04095
1.94786
1.91501
2.20324
1.94621
2.07832
1.87
1.90237
2.10293
2.20315
1.9727
1.97138
2.07471
2.00204
1.89516
2.08043
1.9341
2.05978
2.0097
2.03715
1.91627
2.03385
2.02502
2.01867
1.96779
2.0856
1.96035
2.12018
2.1206
1.99803
2.17666
2.0293
1.93116
2.20437
2.09397
2.1661
2.05316
2.09027
2.05072
1.9756
1.91837
1.97851
1.93437
1.98578
2.02401
2.02703
2.11873
1.97613
2.02294
1.91334
2.04714
1.88911
2.02359
1.9928
2.03693
1.86522
1.92617
2.12817
1.95901
2.07303
2.09965
2.02646
2.09471
1.8789
2.0031
1.82321
1.94271
1.99088
2.15581
2.02139
1.95199
2.05214
1.91025
1.83034
1.86086
2.06548
2.15075
1.89726
2.12369
2.06523
1.71036
1.90977
1.95056
2.06821
2.05017
2.07215
2.16039
1.90004
2.15059
2.03068
1.95672
2.05478
1.92226
2.16561
1.93262
2.17777
1.98603
2.06759
2.13566
1.94581
2.17809
2.14146
1.86286
1.94764
2.00966
1.90171
2.0197
2.05337
1.82942
1.93039
2.11511
2.12968
1.97389
2.1671
1.98779
1.95894
1.83294
2.11158
2.08578
1.95022
2.01297
2.07951
1.92924
1.99879
1.90218
1.9695
2.18532
1.95786
2.11072
1.99507
1.95907
2.08803
2.0259
1.96929
1.97079
1.98974
2.05137
1.93971
1.97624
2.02187
2.03098
1.94814
2.08011
1.85398
2.11267
2.06646
1.99715
2.10078
2.00395
2.01809
1.8837
1.92251
2.1043
1.89298
2.18867
2.16945
1.90827
1.91635
1.94994
1.88172
1.96213
2.12766
1.90974
2.07981
1.78416
1.95713
1.79614
1.9451
2.10417
2.06405
2.03528
1.87699
1.97211
2.06034
2.14915
2.03461
1.96048
2.08423
2.2353
1.90879
1.94299
1.85797
1.93751
1.9749
2.02765
1.92661
2.11372
1.93416
1.97312
2.15147
2.09498
1.85742
2.08741
1.85909
2.05234
2.11867
2.18397
2.1443
1.95529
2.08113
2.0975
1.83859
2.07559
2.01619
2.23129
1.98535
2.10771
1.9978
1.94552
1.87902
1.95934
1.99467
2.06014
1.82385
1.87357
2.09353
1.99892
1.84782
2.07328
2.1091
2.05854
1.99392
1.91256
1.94276
1.99227
2.1975
2.04409
2.07346
2.13189
2.24655
1.85054
2.05953
1.83259
2.10318
2.05855
1.97923
2.01943
1.99346
2.0753
2.09367
1.96647
2.05177
2.09392
1.96362
2.13894
2.01093
2.05267
1.97854
2.06311
2.00311
2.07994
2.09775
1.93924
2.09146
2.1551
2.09116
1.98887
1.7993
2.03514
1.87609
1.96248
2.07159
2.02463
2.16368
2.18174
2.02354
1.88217
1.84846
1.90805
1.97513
2.0344
1.95526
1.94047
1.99011
1.87525
1.90228
1.95693
2.07477
2.01333
2.13166
2.11079
2.01709
1.89112
2.0479
1.9728
1.76733
1.9497
2.04062
2.13669
2.12752
1.86125
1.89085
2.11809
1.9741
2.23097
2.08146
1.96865
2.02265
1.77187
1.97363
2.0752
2.08508
2.02339
1.99984
1.87334
2.10479
2.09593
2.01803
1.94782
1.94349
2.04139
1.96177
1.95481
2.05551
1.92854
2.19296
1.87372
1.83754
1.98112
1.99592
1.93281
2.08973
1.86834
1.84872
1.93654
2.11673
1.88386
2.03902
1.92402
2.06437
2.0712
1.83443
2.07646
1.93993
1.97767
1.99301
2.11
2.11651
2.04777
1.97465
1.9656
1.93095
2.03465
1.87489
2.0543
2.16941
2.02725
1.99446
1.98932
2.16075
1.99367
2.14794
2.09193
2.15443
2.09811
1.96252
1.94449
2.05433
1.90997
1.92767
1.85193
1.93444
1.99631
1.92735
1.81553
2.06905
1.87283
2.05668
1.98501
2.10589
2.17047
2.04921
1.96103
1.87642
2.10285
1.95048
1.95711
2.06233
2.04159
2.00412
1.90396
1.95467
1.83333
2.00439
1.95915
1.94427
2.13852
1.97168
1.9862
1.97837
2.06639
1.90382
1.88929
2.13999
2.02959
2.07899
1.95997
2.047
2.07117
1.98774
2.02894
1.95901
1.99877
1.99428
2.1478
1.94766
1.92225
2.01685
1.85333
1.95504
1.96933
2.16896
1.96382
2.15478
2.02963
2.13273
1.98876
2.04659
1.97318
1.84412
2.07976
2.04018
1.95137
1.85924
2.02833
2.00927
2.09284
1.87765
2.02012
2.12343
1.9611
1.85883
2.01326
1.95561
2.1868
1.98198
2.1721
1.93917
2.09928
2.10318
2.00712
1.96516
1.7602
2.07178
2.01586
2.02387
2.07792
1.88823
1.80408
2.10885
1.93511
2.02604
2.10136
2.10371
1.99218
2.1109
1.82783
1.99873
1.91581
1.93396
2.04239
2.15826
2.01046
1.86201
1.96373
2.20558
1.93663
1.99481
2.04944
2.04758
2.0244
2.05179
1.99167
1.92102
1.91385
2.03624
1.90798
1.89304
2.05461
1.98159
2.00151
2.02611
1.91682
2.0445
2.07448
1.86693
1.99659
2.03862
1.91006
2.02632
1.88846
2.05452
2.00575
1.93102
2.02662
2.11686
2.02799
1.87613
2.02723
1.99277
2.01021
2.11514
2.12956
2.03504
1.99321
1.87836
1.88867
1.93508
1.97617
2.03511
1.92478
2.17328
1.94507
2.00087
1.9941
1.94332
2.04961
2.0198
1.9745
2.09601
1.93085
1.90989
1.88279
2.06009
1.92039
2.07793
2.05161
2.10516
1.87227
1.9585
2.1295
2.03639
2.0549
1.95701
2.04029
2.00273
1.99184
2.06422
1.95996
2.22589
1.9324
1.97955
1.98846
1.91428
2.13992
2.13881
1.96024
2.01985
2.05403
2.05057
2.20381
1.95845
2.11267
2.01789
1.9212
2.08526
2.12005
2.03919
2.12766
2.03331
2.06084
2.07057
2.16321
1.92142
2.05912
1.8285
2.07723
2.13573
1.8441
1.83173
1.92906
2.03108
1.87353
1.94345
1.98138
1.85286
1.9817
1.95432
2.07781
2.12993
2.09369
1.91529
1.94982
1.9902
1.981
1.92151
2.05988
2.08342
2.02438
2.07696
2.01503
2.0672
2.22339
1.88841
1.93916
1.9174
1.98918
1.99768
1.9227
2.17521
2.22814
2.13405
2.04364
1.90871
1.79867
1.84729
2.0874
1.84379
2.03592
2.01463
1.7467
1.94462
2.09533
1.8887
2.08859
1.97582
2.06248
1.9653
2.08646
1.9335
2.0299
1.99545
1.79622
2.2182
1.8817
1.89872
2.09817
1.94002
1.91756
2.06226
1.9593
2.01568
2.11014
2.08771
2.0008
1.85166
1.97183
2.00727
2.24278
1.90027
2.06255
2.14246
1.96017
2.03755
1.98862
1.97181
1.95092
1.94354
2.08188
1.965
2.10003
1.93842
1.98661
1.98799
2.19057
2.13284
1.91765
1.82178
1.93999
1.97055
2.04574
2.04678
1.96127
1.93384
1.98352
2.09574
2.1647
1.97829
1.89711
2.08854
2.08549
1.83818
2.03341
1.93625
2.26972
2.01126
2.08826
1.91123
2.08384
1.84739
1.88022
2.18115
1.9776
1.97412
1.98923
1.94804
1.97928
2.21082
2.01576
2.02296
1.93593
1.98565
1.96452
1.97973
1.84971
1.88014
1.96778
2.08248
2.01923
2.0231
2.11381
2.02509
2.10735
2.00327
1.8934
1.86881
2.0475
2.11613
1.95022
1.92821
1.97632
2.07895
1.94027
1.90076
2.0162
2.00298
1.90659
2.0535
1.94491
1.94604
2.03011
1.98529
2.06233
1.96542
2.06567
1.83668
1.97504
1.91455
1.85264
2.04697
2.05424
2.04831
2.04771
1.98469
2.05634
1.88683
2.13701
2.19675
1.9301
1.94715
1.94925
2.07272
2.13798
2.06567
2.1151
2.02173
1.82639
1.93695
2.03193
2.04359
1.89829
2.11888
1.9109
2.02458
1.96212
1.94738
1.85759
2.0293
1.93893
2.07136
2.00074
2.01673
1.91943
2.02515
1.94931
1.86649
2.02771
2.04257
1.8392
1.65557
2.0131
1.88224
1.90673
2.0245
1.90694
1.92558
1.93001
1.89858
1.8569
1.75197
1.9222
2.02974
2.00841
2.12433
2.12184
2.08068
1.93685
1.95957
2.06056
2.14983
2.06963
1.99869
1.92672
2.0331
2.15491
2.07066
2.01842
2.01321
1.83687
1.93882
2.07115
2.14141
1.92524
2.08758
2.0776
1.88892
1.98982
2.10409
1.96973
2.17242
2.17161
1.93603
2.06251
1.8286
2.04832
1.91604
2.13828
1.99843
2.06244
1.86338
2.01501
1.71663
1.98573
2.09272
1.95169
2.21455
1.98393
1.95487
1.95917
2.0352
1.88032
2.04735
2.00129
2.05142
2.12429
1.95908
2.01194
2.16117
1.7895
2.00633
1.89903
2.15423
2.14245
1.98464
1.89219
1.87563
2.0821
1.94988
2.01372
2.07541
2.07727
1.8875
1.98353
2.06819
2.0135
2.01039
2.01529
2.03669
1.92083
1.88289
2.07159
2.0677
2.0111
1.99289
2.03854
1.98993
2.01181
1.93246
2.09137
1.96874
1.78375
2.03573
1.85121
1.94962
1.94732
2.14467
1.94086
2.12982
2.03261
2.01495
1.88224
2.08901
1.9045
2.06101
1.82596
1.93104
1.89082
1.96724
1.93723
1.97038
2.05335
2.08257
1.83269
2.05305
1.99944
1.94356
1.79826
1.94337
2.04467
1.9505
1.95101
2.04232
2.12488
1.85976
2.07854
2.02474
2.00061
2.06915
2.05241
1.9004
2.03507
2.01646
2.02661
1.93845
2.07227
2.14554
1.98782
2.13163
1.83051
2.16473
2.08972
1.99216
2.06417
2.05103
1.96207
1.8241
1.97979
1.99869
1.83517
1.89931
2.05458
2.03657
1.93308
2.02305
1.97039
1.91392
2.02631
2.02559
1.94427
1.9602
2.01899
1.86804
2.01401
1.97913
1.95181
1.97391
2.08335
1.9422
1.978
2.09571
2.01184
1.96797
2.00046
1.99092
2.04451
1.88656
1.88495
1.96593
1.94229
2.07901
1.87181
2.0487
1.97741
1.85092
1.80253
1.95771
2.01234
1.98536
1.71175
2.01597
2.09124
1.86305
1.97064
1.82872
1.75943
2.12618
1.95751
1.95459
2.11059
2.10191
2.01493
1.96134
2.10249
1.96535
2.04589
1.89138
1.92346
2.05061
2.04904
2.07897
2.03272
1.97089
1.87689
1.91866
2.00022
2.13684
2.13539
2.02822
2.00645
2.07339
2.09837
2.13005
1.96656
1.92243
1.9994
2.07916
1.9491
1.97722
1.91065
2.07869
1.98314
1.88122
2.03666
2.0595
2.09263
2.04769
2.04407
2.1362
1.98972
1.964
1.99528
2.06768
1.84167
1.94232
2.01705
2.20167
1.97886
1.96508
1.97676
1.98908
1.79853
2.03614
1.98255
2.08214
2.05019
1.97515
2.03983
1.99914
1.94144
2.01792
1.97434
1.89163
1.99231
1.9145
2.0456
1.92343
1.99392
2.19954
2.02684
2.00858
1.96977
1.84447
2.14321
1.92978
1.91894
1.9738
1.9801
1.91974
2.1656
2.10877
2.12465
2.10852
2.01883
1.98615
2.03959
2.18436
1.96062
2.10042
2.07162
1.96174
2.03039
1.95447
1.75072
1.91859
1.9896
1.93975
1.92217
1.93276
2.03042
2.02441
1.89915
2.00909
2.03975
2.02329
2.02112
1.96439
1.91704
2.00566
2.01096
2.14668
2.07643
2.03753
1.93741
2.02502
2.08169
2.04762
2.00215
2.07021
2.06312
2.0713
2.02186
1.89427
1.78916
2.02562
2.00954
2.03277
1.99028
1.97157
2.06107
1.9882
1.98723
1.96892
2.04136
1.86329
2.01562
1.91481
1.88739
1.87373
1.93188
1.96933
2.10895
2.11963
1.98127
2.0654
1.9622
1.96265
1.76909
2.10529
1.95472
1.90167
2.07231
2.00244
1.80971
1.94119
1.97381
1.85656
1.96915
2.10439
1.96111
1.97129
1.95564
1.80798
1.91416
1.98828
2.03823
1.95078
1.99054
2.25717
2.17608
2.1015
1.87818
2.03428
2.17333
1.92281
2.00396
2.00989
2.13269
2.06985
1.90379
2.00995
2.03242
1.8921
2.17888
1.92843
2.04294
2.07146
1.77526
1.90443
1.81934
2.12484
2.04225
1.84827
1.96487
2.04289
1.96297
1.95421
2.14127
2.08741
2.15082
2.13837
1.94898
1.88246
2.00271
2.18549
2.08702
1.95614
1.89968
1.93392
2.10299
2.03265
2.05659
2.0534
2.00971
1.97046
2.00124
1.93168
2.06731
2.01426
1.96015
2.00072
1.80388
2.11543
1.89723
2.23573
1.99052
1.9748
2.05227
2.04533
2.02648
1.99721
1.88972
1.79195
1.8824
2.13303
1.83352
2.09216
1.93119
1.94304
1.9326
2.05975
2.08011
1.94729
1.94089
2.02538
2.03941
2.13585
1.9951
1.93731
2.06835
1.90792
1.98138
2.14261
2.0335
1.95136
2.08236
1.95511
1.96287
2.15159
2.03229
1.92653
2.02825
2.05302
2.19385
1.80844
1.93681
2.18324
1.97733
1.8203
2.33479
1.89323
1.99837
1.97502
2.03927
2.01423
2.03184
2.0639
2.14547
1.98227
1.87379
2.06841
1.92623
2.00384
1.95468
2.05328
2.09282
2.03275
1.85204
2.26336
2.10509
1.9474
1.96803
2.08041
2.03213
1.97201
1.88853
2.0768
2.02671
1.98024
1.84855
2.10046
1.8872
2.01545
1.88026
2.00493
2.02054
2.00951
1.92301
1.9631
2.04294
1.9359
2.04909
2.11802
2.04107
1.79351
1.94287
1.8366
1.92926
1.77151
1.84166
2.00222
2.02034
2.0843
2.02502
2.12348
2.03122
1.78674
2.10999
1.81625
2.13128
2.13656
1.97685
2.05679
1.87005
1.81135
2.04477
1.98865
2.14413
2.02951
1.91064
2.0837
1.83099
1.81844
1.7874
1.95941
1.86984
2.12401
2.10217
2.15402
2.0656
2.08399
2.02432
1.9378
2.14965
2.04055
2.16194
1.87124
2.07938
1.75055
1.85646
2.0345
2.17715
1.8871
2.03964
1.9946
1.99867
1.94843
2.05069
2.10986
2.02494
1.95693
1.87381
2.02099
2.05187
1.96353
1.9082
1.97098
2.12159
1.98467
1.92985
1.89791
1.8878
1.92946
1.98291
1.88158
2.07215
2.15463
1.87601
2.11818
1.93407
1.94816
2.0665
2.10147
1.96949
1.91722
1.84878
1.96464
1.95609
2.00309
1.69515
2.04485
1.98681
1.9737
2.06256
1.99487
1.91403
2.12011
2.07241
1.95956
2.15918
2.08135
1.97874
2.04181
1.9363
2.03705
2.13625
1.90815
1.92302
2.01417
1.76688
1.9587
2.0844
1.85824
2.10562
1.91724
2.08248
1.9751
1.97964
1.85176
1.97348
2.04096
1.99416
1.99631
1.89857
1.9826
1.878
1.86847
2.03865
2.12473
2.06268
2.04798
2.03589
2.07832
1.95747
2.09199
2.14857
1.95051
2.01947
1.86099
2.03778
1.94167
2.10593
2.01312
2.11403
1.93605
2.05502
2.05719
1.90636
1.99353
2.03066
1.97394
2.1364
1.97806
2.05608
1.93953
2.1042
1.9683
2.28144
2.1
1.84055
2.01964
2.17222
2.02874
1.84728
2.00469
1.90226
1.90205
2.12206
2.11342
2.08206
1.98852
2.15861
1.8692
2.09302
1.91408
1.94017
1.97676
2.16307
1.92815
1.906
2.10499
2.0841
1.91267
2.05698
2.27718
2.02057
1.78641
2.05632
2.15229
1.80988
2.08648
2.22223
1.95111
2.02478
1.95955
1.9492
2.01131
2.01083
1.9139
1.89602
1.97366
2.14135
1.93445
2.11006
2.05383
2.13937
2.00007
2.04109
1.90783
1.96884
2.03789
1.99258
1.96679
1.95447
2.10354
1.99486
1.87612
1.90958
2.18987
1.90076
2.12771
1.93546
2.15966
1.93738
1.93321
2.02796
1.89569
1.9659
2.06381
1.97085
1.93443
2.04515
2.0492
2.14056
2.13468
1.99985
2.09011
1.89865
2.03397
2.13232
1.93718
2.03988
1.91133
1.90217
2.0812
2.07
1.83615
2.01004
2.0896
1.84411
2.00228
2.18335
2.02244
2.02538
1.74977
2.09913
1.91667
2.03713
1.95045
2.06699
1.98597
2.08478
1.7794
1.96441
2.00872
2.06782
2.06045
1.9417
1.88352
1.94866
1.85011
1.7999
2.03734
2.00282
1.95124
1.96055
1.89412
1.84443
1.81152
2.04315
1.9372
1.94161
2.11931
2.08674
2.00274
2.00704
2.06607
2.04389
1.74276
1.82519
2.25519
2.02105
1.9715
1.94853
1.98566
1.92745
1.90777
1.95926
2.02905
1.93653
1.96966
2.02607
2.00312
2.15237
2.00795
2.12435
1.99441
2.14595
2.11401
1.88131
2.14539
1.90409
2.01927
1.9898
2.01526
2.00428
1.95285
2.16165
2.07788
2.06369
2.00172
2.03353
2.01328
1.87324
2.08528
2.18692
2.00388
2.16909
1.92183
1.89694
1.95822
2.13734
1.95305
2.04975
2.08792
2.01248
1.94824
2.03509
2.15588
2.06863
1.87861
2.0858
2.11043
1.79878
1.93501
1.97709
1.87007
2.02881
2.02808
2.18402
1.76338
2.07275
1.99934
2.15462
2.0106
1.86892
1.96265
2.13878
2.14196
1.96248
2.18059
1.99599
1.9298
2.04679
1.83085
1.99615
2.01038
2.0978
1.97325
2.10972
1.93303
1.99801
2.03585
2.03384
2.02186
1.86036
1.91031
1.9955
2.05064
1.98475
2.09447
2.03592
1.82513
2.02356
2.10261
2.09437
2.04117
1.73782
2.07195
1.88375
2.09443
1.91639
1.9216
1.92938
2.18668
2.00448
2.04097
1.843
2.02359
2.02918
2.07187
1.91356
1.97053
1.95929
1.96413
2.00249
2.031
1.89926
2.14634
2.09617
2.04593
1.98554
1.97529
1.95187
2.06647
1.91447
1.93399
1.94634
2.00025
2.22142
1.94985
1.95909
2.00777
1.91255
2.10337
1.99776
2.11425
2.11645
2.12611
1.9282
2.10257
1.92026
1.9426
2.05882
1.9646
2.06772
2.02645
2.13545
2.23997
1.99425
1.89757
2.1013
1.95391
2.11976
1.9658
2.06736
1.97143
1.9667
2.07608
2.05218
1.81219
1.98457
2.15583
1.94214
1.78664
2.00622
2.00371
1.97702
1.946
1.98172
1.97385
1.97136
1.8974
1.99219
2.01357
2.0778
1.97462
1.8178
1.96411
1.8156
1.94384
2.04636
1.95323
2.03793
1.90872
1.86545
1.84175
1.93949
2.01379
2.00496
1.98455
1.96691
1.97127
1.92969
2.06837
2.07975
1.94183
2.19628
2.11722
1.96564
2.09647
1.77401
1.78652
1.83941
1.88789
2.03495
2.02526
2.18076
1.84953
1.99308
1.98682
2.21991
1.8265
1.93806
2.03194
1.94772
2.06129
2.09341
2.01718
2.21524
1.99572
2.08667
2.05433
2.00613
2.1852
2.08907
2.15882
2.00983
1.93428
2.02265
1.93023
1.96543
1.97429
1.97855
1.87882
1.73819
2.02267
2.05599
2.0323
2.03525
2.03563
2.13186
1.81435
2.05413
1.96279
2.05766
1.79484
2.13131
1.92991
1.85968
2.03102
2.00982
1.95728
1.89782
1.98387
1.90475
1.95452
2.0459
1.92328
1.99977
2.0301
2.00169
2.02398
2.0263
2.09525
2.05859
1.85859
1.87652
2.01555
1.82886
2.13252
1.93525
2.16858
1.79267
2.0552
1.96108
1.95077
1.97949
2.09249
1.8662
1.97227
1.89841
1.99135
2.06555
1.97057
2.16822
2.00648
1.99999
1.87016
2.0129
2.09993
1.97728
2.06007
1.98625
2.30993
2.11694
2.02565
2.03497
2.00915
1.92439
2.01228
1.91575
2.01481
2.11155
2.04106
1.96646
1.89857
1.8952
1.98765
1.97163
2.19821
2.01823
1.93351
2.13729
2.02491
1.88032
1.80319
1.86782
2.02316
1.95969
2.04675
2.00585
1.84117
1.98912
2.00059
1.88548
2.09727
2.08588
2.0597
1.85553
1.92652
2.02851
2.13795
1.91698
2.09774
2.03418
1.98839
1.9666
2.04619
2.02982
1.91097
1.88607
2.04224
2.10123
2.04316
2.08621
1.94785
1.80896
2.00148
2.00107
2.00279
1.92136
2.11429
1.9572
2.11508
1.89705
2.14311
2.15263
1.98784
2.20383
1.94316
1.90471
2.14541
1.94062
2.0488
1.90536
2.32947
1.99085
2.05326
2.02443
1.90126
1.9831
1.96396
2.13313
1.92501
1.98548
1.98098
2.03988
1.90047
1.92132
2.00302
2.04647
1.95712
2.11755
1.93975
1.92723
1.90802
1.88964
2.05896
1.87151
1.92354
2.0791
1.97959
1.95742
1.9124
1.89521
1.93897
2.22077
2.21744
2.08762
2.02152
2.05962
2.1125
1.98461
2.11098
1.93871
1.95538
2.09344
1.97376
2.04371
1.99894
1.95925
2.02938
2.09821
1.9803
1.96211
2.0293
1.96288
2.0216
1.93446
1.95661
2.04339
1.93868
2.07832
2.10223
1.96435
1.87578
1.99846
2.08019
1.94309
2.06555
2.11404
1.91702
1.8552
1.91139
1.97722
1.98588
1.87447
1.78957
1.92156
1.98438
2.06894
2.08506
2.0922
1.95924
2.04881
2.05359
2.02444
2.06235
1.97039
2.02752
1.85105
2.07276
1.98521
1.86205
1.9087
1.9915
1.95423
2.03011
2.00356
2.10051
1.96242
1.87302
2.04323
2.28066
1.91335
2.09909
2.01602
2.18948
1.97044
1.95128
1.91582
2.08852
1.91091
1.84595
2.2022
1.96623
2.02306
1.95917
1.99762
1.99142
1.92781
2.14766
2.0156
1.97126
1.96939
2.03082
1.92998
1.94293
1.95412
2.11923
2.03025
2.06366
1.98269
1.88445
1.95199
2.06524
1.946
1.87587
1.97953
1.88861
2.09802
1.95489
2.00586
1.9436
2.1132
1.89817
1.82513
2.01128
2.09457
2.01065
1.99286
2.00331
2.04485
1.96322
2.08974
1.93865
1.94496
1.98677
2.08221
1.93702
2.17836
2.05796
2.17988
2.21515
1.99898
2.02143
2.01212
1.86497
2.05142
1.99823
1.74327
2.00238
1.99221
2.0238
1.94802
2.06348
1.94169
2.1386
2.01256
1.99023
2.13556
2.31442
1.93534
2.00335
1.90992
1.94231
1.85062
2.03359
2.15088
1.90993
2.16981
2.15147
2.0014
1.98129
2.07884
2.08586
2.13386
2.12817
2.06309
1.88592
1.93256
1.88687
2.02461
2.05071
2.13153
2.16122
1.95448
1.94403
1.93658
1.9343
1.99777
2.05443
2.00225
2.08652
1.76502
2.10364
1.99996
1.88298
1.90718
1.78037
1.96518
1.87863
1.84205
1.90359
2.05017
1.89961
1.80568
2.03083
2.05352
2.01777
1.8697
1.93454
2.11145
1.96792
2.12176
2.1044
2.00507
1.88745
1.95637
2.03878
2.1349
1.76138
1.81995
2.05944
2.1647
1.89592
1.95205
2.00173
1.93832
1.94957
2.03945
2.08476
2.05262
1.98876
1.88868
1.95043
2.03078
1.89058
2.02723
2.0479
1.88321
1.96787
1.89462
1.99195
1.98349
2.05119
2.01467
1.97019
1.92436
2.03098
2.05836
2.01139
1.99194
2.06002
1.94637
1.87114
1.92921
2.04239
1.95244
1.93448
1.93021
2.01674
1.97931
2.02358
1.95642
1.93735
2.0774
1.84822
2.0823
2.1074
1.97871
2.14311
2.11394
1.99151
1.91696
1.99839
1.99972
2.03242
1.85628
2.06923
1.86854
1.85228
1.98877
2.02064
2.02085
2.05087
2.10005
2.17999
2.08976
2.06539
2.04059
1.93591
1.98532
2.17516
2.05187
2.02701
1.94572
2.13894
2.07248
2.01987
2.15202
2.10334
1.99754
1.98663
2.02071
2.16383
2.04394
2.18962
2.03562
2.03378
1.95653
2.01914
1.91476
2.03569
2.29225
2.07414
2.07269
1.96443
1.79947
2.11571
2.13203
1.93386
1.9526
1.99286
2.00009
2.23037
2.05086
2.15862
2.1197
2.05204
2.00448
1.99343
1.9619
2.02139
2.00705
1.82687
1.92358
1.94466
1.9239
1.83697
1.98537
2.02953
1.83722
1.87357
2.11162
2.10904
2.06206
2.05199
1.87829
1.99652
1.98332
1.91559
2.05247
1.97397
2.06798
2.0719
1.82112
1.95205
2.00964
1.88289
2.02204
2.05657
1.70868
1.9761
2.03821
2.14319
2.11137
2.21503
2.10866
2.13766
2.01222
1.97548
2.02859
2.082
2.08113
2.09101
2.02731
2.07457
1.9346
1.96091
2.10006
1.86838
1.78778
2.04674
1.8689
2.04112
2.02962
2.15586
2.00989
1.92778
2.06261
2.04089
1.97197
1.95253
1.90563
2.06397
2.0521
2.01116
2.11908
2.0207
2.15288
1.95713
1.86739
1.99642
2.1296
2.17037
2.0868
1.77786
1.91849
1.94808
1.92015
1.92299
2.08477
1.98919
2.00833
1.90098
1.9373
1.76031
2.04372
1.923
1.78523
1.81863
2.07555
2.01794
1.8364
1.8651
1.94477
2.12945
2.00529
2.23923
1.95824
2.0296
2.27498
2.04973
1.84142
1.90034
2.12834
1.88662
2.00011
2.10501
2.07347
2.16378
1.94251
2.00659
1.87064
2.23999
2.10882
1.88923
2.06027
1.9308
1.91582
1.86577
2.02953
2.05407
2.14237
2.2162
1.98042
1.84182
1.90388
2.06739
1.97393
2.02265
2.09591
2.16493
1.95685
2.13304
2.10127
1.95826
1.96044
2.03886
2.03819
1.94388
1.86149
1.96785
1.99072
2.08411
1.99712
2.20982
2.08224
1.96894
1.99804
2.15699
2.0717
1.90691
2.16154
1.98003
1.97992
1.79333
2.04568
1.9389
2.01814
1.99542
1.90429
1.98041
2.04432
1.9827
2.08278
1.99955
2.18423
1.97369
2.00117
1.95639
1.77014
1.92299
1.98706
2.10368
1.99859
1.98466
2.15678
1.97362
2.08854
2.03015
2.0743
2.04892
1.97738
1.8183
2.17111
1.97308
2.12554
1.889
2.00752
2.03684
2.004
2.01887
1.91515
2.14125
2.0945
2.00586
2.00088
1.93347
2.16145
1.88068
1.88643
1.99455
2.30353
2.2023
1.98999
1.82026
2.22901
1.81132
1.97701
1.93719
2.03669
1.87652
1.94473
1.95628
1.84677
1.96371
2.09358
2.04832
2.04381
1.91413
1.99498
2.04493
1.7497
2.04384
1.98287
2.0679
1.86086
2.09137
1.85545
2.02451
2.08557
2.06365
1.95218
1.95272
2.20854
2.09415
2.03206
1.88186
1.99617
2.12258
2.1256
2.01616
2.04759
1.91027
2.02013
2.07302
2.04349
2.17873
2.05502
2.01155
1.97126
2.00606
2.09835
2.02261
1.87774
2.08284
1.94618
2.12995
1.90915
1.92274
2.00408
2.01917
1.95447
1.93532
1.86317
1.92001
2.00319
1.79944
1.93146
1.9179
2.12298
1.95826
2.03199
2.02105
2.0386
1.99926
1.94294
1.80381
1.91328
1.94189
2.14113
1.94854
2.00145
1.86008
2.0277
1.89294
2.05361
2.01111
2.01056
1.86502
2.09537
1.8901
2.00093
1.89023
1.91393
2.07561
1.92596
1.916
2.14495
2.07757
2.00964
1.879
1.99594
1.92344
1.97619
1.93095
1.94497
1.88027
2.05597
1.97019
1.97769
2.01333
2.06127
1.93761
1.83981
1.99347
1.93317
2.01183
1.99863
2.03484
1.92218
2.08061
2.0475
2.0898
2.0231
2.13526
1.9897
1.83092
2.00892
2.03768
2.09337
1.914
2.07523
1.96696
1.86067
1.95304
1.79237
2.01566
1.9897
2.08142
1.92841
2.12135
1.93384
2.10287
1.96429
2.11816
2.04205
1.88197
2.04644
2.0265
2.04046
1.77046
1.82295
1.89516
1.93237
2.06093
2.01342
2.09516
1.99266
2.07375
1.88189
1.90332
2.13356
2.12697
2.1159
1.82531
2.08572
2.16059
1.94229
2.25151
1.92982
2.09194
1.92583
1.9295
1.88551
1.98097
1.91606
2.05311
2.00692
1.87014
1.99974
2.0438
2.02536
2.04111
2.06666
1.86065
1.8521
1.94764
2.19441
2.08125
2.04374
2.12786
1.92637
1.91276
1.98074
1.96278
1.99941
2.02317
1.83149
1.91262
2.19413
1.98084
2.16328
1.91042
2.04256
1.87339
1.95064
2.05235
1.87363
2.11448
2.06902
2.10288
1.93382
2.05781
1.94056
1.99497
1.96544
1.89884
1.97368
1.90147
1.93631
2.06042
2.08731
1.78826
1.914
1.8044
1.86915
1.99578
2.03295
1.92255
1.99919
2.10458
2.14437
1.89871
1.99831
2.04062
1.98034
2.01908
2.08905
2.06787
1.9324
1.9114
1.86898
2.00344
2.04749
1.94541
1.98365
2.09542
2.10384
2.01266
1.93949
2.14167
1.95589
1.90379
2.01602
1.8923
1.99063
1.9102
2.00917
2.05502
2.05036
2.00038
1.95062
1.97322
1.96947
2.05154
2.00047
1.96524
2.14022
2.03349
2.0545
1.75894
1.95685
1.9583
2.01644
2.00564
1.95326
2.13646
2.09664
2.07889
1.89825
1.989
1.93311
2.02405
2.02163
2.03574
1.88453
1.88438
1.89193
2.0214
1.92392
2.11071
2.07055
2.03847
1.96235
2.08708
1.98223
2.11443
2.16353
1.96885
1.9203
2.17297
2.12284
1.87951
2.02871
2.02416
2.20708
2.01595
2.01342
1.90819
2.01546
1.96839
2.19824
1.82294
2.08543
1.9675
1.97922
2.04322
1.99961
2.01565
1.77214
2.03855
2.06236
1.83246
1.95743
1.96511
1.92254
1.93091
2.01323
2.07226
1.87267
2.03686
1.98385
2.07071
2.00085
1.95134
1.96517
2.12066
1.89105
1.96116
1.937
2.12655
1.91412
2.20083
1.96791
1.89373
1.96569
2.05332
1.95885
1.97558
2.00112
1.9007
1.75376
2.01003
2.03816
1.97516
2.21417
1.84469
1.90247
2.00033
2.05976
2.02109
1.90105
2.03787
2.01074
1.92945
1.82725
2.23302
1.98908
2.07842
1.94008
2.04056
1.86181
2.03151
2.043
1.99832
2.05851
1.94841
1.98524
1.85314
2.06344
2.11524
1.91347
2.10977
2.20295
2.14013
2.08849
2.1334
1.92586
2.02746
2.00233
1.94331
1.96043
1.93881
2.01764
2.0343
1.88293
2.03066
2.07626
1.9431
1.89757
1.93762
2.09711
2.03109
1.85936
2.00379
2.01068
2.10331
2.03486
1.85605
1.98177
2.07046
2.19754
1.78344
1.80369
1.83763
1.87696
1.97946
2.04391
2.07365
2.03532
2.06237
1.92287
2.13974
2.08312
1.82444
1.957
2.16413
1.82912
2.07223
1.87047
2.065
2.08308
2.06465
2.04671
1.78839
1.93191
2.02975
1.88528
2.08259
1.97439
2.06709
2.15213
2.01509
2.03097
2.12494
1.85139
2.10273
1.79918
1.93926
2.11953
2.09524
1.8984
2.03028
1.9086
1.9519
2.09695
1.95934
2.0365
2.20546
1.89309
2.10402
1.88993
1.89909
1.99477
1.86638
2.00587
1.89201
2.13317
1.9089
1.93116
2.04021
1.91206
1.85344
2.06806
1.96726
2.09818
1.9806
1.99226
1.98011
1.85305
1.88313
1.97263
1.95176
2.09131
1.82034
2.05957
2.08559
2.04322
1.81895
2.08445
1.99103
2.04093
1.85981
1.91711
1.81566
1.95979
2.01486
2.08136
1.95652
2.14518
1.99454
2.05334
1.93694
1.94473
2.10856
2.14536
1.96545
1.98757
1.86167
1.90278
1.87259
2.13206
1.83524
2.0951
2.01157
1.93187
2.09443
2.07511
1.9242
1.87938
1.95935
2.02082
1.88698
2.13115
2.01022
1.97003
1.80708
1.94993
2.10446
2.07356
2.03717
2.17392
1.90029
2.00535
1.91099
2.12761
1.99625
1.98447
2.02482
2.06812
2.04216
2.06433
1.99913
1.99735
1.97414
1.80991
1.87572
2.03738
1.98637
2.0684
2.14951
1.83226
2.0806
2.16591
2.00445
2.00229
1.96704
1.84205
1.92961
2.10908
2.12073
1.96788
1.99747
2.09593
2.10671
2.04452
2.15232
2.04904
2.1344
1.99842
1.95449
1.84444
2.1166
2.01941
2.09449
2.02248
2.20243
1.98241
2.1371
1.89476
2.04017
1.89138
2.02602
1.97541
2.20919
2.01753
2.12887
1.95076
1.92498
1.90753
1.98193
1.95943
2.00423
1.83815
2.08054
1.94364
2.07916
2.10061
2.16683
1.94196
1.91952
1.93967
2.1493
2.05373
2.03729
2.0877
2.05721
2.02156
1.95069
1.8982
1.89104
1.93201
2.0269
1.89966
2.0985
1.9946
1.93717
1.85429
1.96422
2.03807
1.90405
2.04701
2.07955
2.0718
2.05818
2.11267
2.11794
1.87922
1.96348
2.09304
1.91468
1.97616
2.14685
2.09903
2.10424
1.98956
1.88064
1.96851
1.95961
1.90064
1.8024
2.12648
2.1018
1.93279
1.84565
2.17231
2.0361
1.93845
2.11971
1.86372
2.02411
2.25795
1.89833
2.05918
2.07255
2.09809
2.02445
1.99635
2.21031
1.94531
1.9621
1.8848
1.89192
2.10715
2.1028
1.95227
2.02605
2.04072
1.95221
2.19996
1.89043
2.08948
1.78738
2.00933
1.96216
2.14832
1.72343
1.96828
1.88533
2.03915
2.04707
2.17342
2.05197
2.02803
1.94212
2.10651
1.94507
2.15727
2.02275
1.94563
2.11056
2.04959
1.81535
2.15189
1.95671
2.07866
2.08455
1.99908
1.91277
2.01642
2.16671
2.08789
2.14342
1.97937
2.02063
2.15478
2.18301
2.07229
1.92414
1.84375
2.09128
1.91318
1.86127
2.01615
2.03915
2.0844
1.84141
2.19181
1.85853
2.00803
1.92985
2.08053
1.94854
2.00882
1.95633
2.12657
2.04975
2.08465
2.1067
2.1092
1.96561
1.97133
2.18581
2.03258
1.95606
2.09663
1.92226
2.12884
1.95572
1.99847
2.05178
1.94304
2.0698
1.87292
2.09039
1.98491
1.96474
2.01793
1.85225
1.95661
1.9794
1.91969
2.03535
1.93756
2.07778
2.15079
1.81861
1.9852
1.93591
2.05246
2.22005
2.10719
1.89632
1.82462
1.96946
1.90458
1.81771
2.10809
1.92272
1.96376
1.9861
1.99498
1.87959
2.07293
1.94503
1.94112
1.97918
1.97934
2.17309
2.05506
2.01682
2.1636
2.11922
1.9138
2.00851
2.09005
2.0512
2.1305
2.15103
1.92611
2.00224
2.01678
2.12807
2.0636
2.05427
1.9965
2.01
2.12888
1.82998
2.00899
2.08235
1.95453
1.9502
2.13211
2.10688
1.83028
1.78696
2.10694
2.04801
1.97934
1.99692
2.08764
1.98079
1.99436
2.09259
2.06775
1.99838
2.0703
1.97254
1.85693
2.02552
1.98889
1.93568
1.9934
1.93533
2.11931
2.14502
1.99488
2.08497
2.03092
2.0431
1.91553
2.18433
2.07357
2.00785
1.97373
1.8481
2.07789
2.04219
1.94609
1.9291
2.15785
1.92915
1.98366
1.84142
1.91551
1.96022
2.10135
2.1404
1.9524
1.9736
2.03408
1.88036
2.08879
2.13977
1.98456
1.77681
2.14867
1.94492
1.90037
1.89367
2.05185
1.91286
2.09542
2.11297
2.00252
1.95985
2.11004
1.93261
2.0624
2.13646
2.02653
2.04221
2.03539
2.04997
2.05837
1.99455
1.95108
1.98042
2.05284
1.87375
1.95486
1.91771
2.22812
1.92408
1.8966
2.04948
1.96702
2.01565
2.16476
2.09457
2.07768
2.00377
1.98723
2.06115
1.88009
2.05257
2.17347
2.06245
1.98116
1.94621
1.94032
1.96151
1.95033
2.05353
1.94086
1.95404
2.16286
2.09213
2.18881
2.00286
1.9485
2.05745
2.08084
1.94737
2.01307
2.17505
1.85749
1.98193
2.00807
1.93156
2.01776
1.95505
1.97122
2.08358
2.11494
1.99553
1.92044
1.91273
1.84412
2.0862
1.89147
1.86472
1.94206
2.11541
1.89553
1.96244
1.89099
1.96076
2.00886
1.89046
2.01274
1.97928
1.76169
2.0226
2.11882
2.12448
2.08882
2.06487
1.98075
2.09512
1.79829
2.05841
1.98882
2.18846
1.90332
1.99536
2.13834
1.95634
2.01858
1.91059
1.93634
1.91317
2.01139
1.82948
2.03395
2.00803
2.12858
2.04365
1.92963
1.79281
2.02898
1.96947
2.05935
1.97793
2.05698
1.98082
2.00713
2.08002
2.06173
2.17577
2.12163
2.04957
2.05223
1.91633
2.04138
1.96935
2.04886
1.89842
1.95997
2.21603
2.07495
1.97609
1.92872
1.88408
1.93238
2.09359
1.85836
1.9067
1.85266
2.16976
2.07337
1.93602
1.82541
1.7141
2.03861
1.97557
2.02107
1.98991
2.2001
1.89665
2.11712
1.89899
1.8385
1.91664
2.08695
2.12223
1.89898
1.96106
2.01877
1.99575
2.07192
2.00024
1.98557
2.00038
2.14822
2.02784
1.92211
1.81987
2.00604
2.0808
1.85523
2.01945
2.123
1.96391
1.92587
2.14566
2.01218
1.9499
1.94299
2.06782
1.88131
2.05167
1.92144
2.05689
1.96915
1.93982
1.94311
2.0931
2.11047
2.00686
2.00584
1.85746
1.8811
1.97092
2.00746
1.83889
1.9819
1.84287
1.77828
2.03582
1.90136
1.91714
2.15209
2.00467
2.07537
2.24861
1.93226
1.95735
2.04428
1.93261
1.906
2.07254
1.99165
1.95998
1.82244
2.04105
2.01903
1.91742
2.11942
2.03432
2.06083
2.29179
2.05339
1.87456
2.01607
2.13372
1.93547
1.89286
2.10599
2.03242
2.04748
2.04522
2.11621
2.05028
1.98419
1.68126
1.96957
1.96392
2.00435
1.90422
2.04812
1.92954
2.24901
2.01976
1.973
2.25983
2.04933
2.02786
2.03286
1.9004
2.0207
2.02196
1.87573
1.93432
2.01121
2.1151
2.05384
2.18796
2.09089
1.97707
1.91439
1.98475
1.87215
2.09328
1.93274
2.09521
1.92095
1.94657
1.89711
2.05601
2.03422
2.03997
1.97467
1.90174
1.87641
1.98329
1.92881
2.16159
2.07605
2.11191
2.11769
1.89946
2.06965
2.13639
2.01224
2.12371
1.95453
1.96247
1.97397
2.16372
2.02894
1.90168
2.01848
2.13674
1.88575
1.98086
1.92927
2.00048
1.82024
2.0013
1.91684
2.01119
1.99327
1.87464
2.06462
1.95328
2.12098
1.9892
1.891
2.0829
2.10845
1.84546
2.16869
2.1036
1.88804
1.76694
2.01085
2.00805
1.99391
2.11243
2.03411
2.10871
2.13828
2.05767
1.91787
2.12464
2.09071
2.10546
1.96439
1.9843
1.90277
2.07766
2.06627
1.9622
1.8709
2.21271
1.8989
2.0179
2.16242
1.86478
1.9585
1.91317
2.04941
1.99215
2.22725
1.93181
1.91758
1.87437
2.01247
2.05584
1.97435
2.11453
1.99822
2.06264
1.9108
2.07086
2.17888
1.89754
1.92041
2.09736
1.96869
2.07784
1.86819
2.03102
1.94599
2.1914
2.02399
1.94814
2.00743
1.94701
2.03246
1.90556
2.16331
2.03691
1.76016
2.19193
2.01746
2.08887
1.91851
1.94548
1.95979
1.80555
2.09446
2.05016
2.0964
2.0737
2.0763
2.00095
1.78621
2.01041
1.90342
2.21448
2.02737
1.98738
1.87572
2.02577
1.94256
1.95624
1.9352
2.1971
1.89934
1.94482
2.04226
2.0208
2.09294
1.97413
1.85073
1.98576
2.12582
2.08717
1.81329
2.04342
2.17925
1.99751
2.08138
1.94517
2.01097
1.9812
2.03069
2.03993
2.03321
1.88318
2.06284
1.96354
2.08677
2.01754
2.07497
1.95105
1.93608
1.95227
2.03687
2.02696
2.0706
1.90926
2.01075
1.94282
2.02081
2.0396
2.0302
2.04248
2.03408
2.01434
1.9824
2.08091
1.91724
1.93892
2.06427
2.04356
2.06288
1.99594
2.00472
1.90609
2.0578
1.88788
2.04679
1.96656
1.88343
1.98334
2.08196
1.86077
2.13522
2.04314
1.91146
1.95595
1.94627
1.86078
1.98854
1.8333
2.04003
1.97995
1.86651
2.02125
1.74682
1.89357
2.05484
1.88347
2.07694
2.06827
1.8443
2.10196
2.09131
2.13772
1.91943
1.96519
2.13848
2.11701
1.96767
2.01393
1.92217
2.05251
2.03458
1.84188
1.98345
1.85208
2.00714
2.05197
1.81021
1.92911
2.0791
1.91209
2.01534
2.05581
2.01664
2.11043
1.96773
2.00876
1.96218
1.93803
2.058
1.96784
1.85354
1.89111
1.94808
2.05248
2.04053
2.03206
2.14254
1.97042
1.87799
1.98149
2.03766
1.98865
2.01986
2.03027
2.17584
1.95138
2.0132
2.03017
1.98699
1.93843
1.88061
1.90161
2.11991
1.9024
1.91717
2.02415
1.97537
1.93984
2.09322
1.99733
1.78571
1.88706
1.9354
2.00622
2.07711
2.01587
1.98969
1.98456
2.04937
2.02615
1.96645
2.10654
1.98988
2.14541
1.96348
1.9004
2.03593
1.83145
2.03089
1.81373
1.978
2.07593
1.80935
1.98052
1.9442
1.87221
1.80454
2.12579
1.928
1.93888
1.8084
2.09491
2.11222
1.95
2.0584
2.03729
2.08519
1.93416
2.02034
1.92055
1.87339
1.95601
2.03956
1.90737
1.99008
2.06991
2.15133
2.08528
2.00574
1.94933
2.05203
1.86789
1.97229
1.95359
1.89666
2.07059
1.86934
2.03896
1.85105
2.09933
1.99866
2.04142
2.06046
2.01489
1.87082
1.96439
1.94163
2.03593
2.06759
2.07593
1.95438
1.9719
1.96573
2.25332
1.97653
1.93164
2.15114
1.9828
2.07435
2.00254
2.07359
1.94346
2.16323
1.88195
2.0805
1.94343
2.10316
2.05515
1.88501
1.92886
2.041
1.98171
2.04682
2.01711
1.99464
2.10619
2.01856
2.18238
2.0162
2.09618
2.16362
2.02545
1.9687
2.03545
1.92609
2.08686
1.90299
2.02569
2.11783
1.83818
2.07738
2.03642
1.85305
2.16309
2.06496
2.00568
1.99123
1.92253
1.9375
2.08188
2.06228
2.06126
2.08921
2.25205
1.96082
2.10848
2.12319
1.99482
1.91276
1.91821
1.81358
1.85144
2.05545
1.92789
2.00908
2.06905
2.06471
2.09239
2.01143
2.01052
2.04807
2.02085
1.84461
1.88545
1.91438
2.01444
1.9824
2.15901
2.08762
1.99204
1.89009
2.01774
1.94219
2.11029
2.16069
1.86761
2.18023
2.10926
1.98827
1.99345
1.95515
1.82689
2.06498
2.13533
1.92163
2.12853
2.04806
1.79861
1.96298
1.92957
2.00755
2.06141
1.97353
1.92936
1.85048
2.06666
2.01504
1.95317
2.00416
2.00819
1.94964
2.12269
2.1457
1.86815
2.07246
1.8413
2.07989
2.0376
2.06476
1.98583
2.16325
2.14532
1.98195
2.16877
1.93252
1.82022
2.03519
2.0046
1.9581
1.99246
2.11918
1.99814
2.03142
1.98472
2.01213
2.09795
1.98434
2.13529
2.11526
1.87769
1.8125
2.15503
2.03761
1.95502
1.84663
1.86979
1.95266
2.19701
1.88339
1.89197
1.9367
2.19869
2.02609
2.13662
1.90433
2.01166
1.90636
1.93492
2.04949
2.06634
1.95427
2.10679
2.10261
2.23293
2.14882
2.02166
1.98891
1.83403
1.84007
2.06904
1.93981
1.96045
2.13446
2.18973
2.04033
2.11647
1.79871
2.02811
1.92266
2.15395
1.97295
2.14644
2.02054
1.84915
1.95276
1.9191
1.89147
2.07459
2.03247
1.82346
2.10395
1.97625
1.88692
1.8916
2.00711
1.94577
2.06938
1.97752
2.07523
1.81946
1.88778
2.01296
2.09513
2.2957
2.06821
2.01238
2.04665
1.93165
1.98986
2.02981
2.16426
1.85969
2.01822
2.01919
1.98306
1.88787
1.91463
2.05952
1.95952
2.16702
2.069
1.9442
1.92403
1.92237
2.07967
2.05759
2.07638
2.02034
2.02155
2.05072
2.03069
2.00923
1.93184
1.85558
1.94287
1.91295
1.9325
1.87766
2.15482
2.15553
2.27043
1.99286
2.05708
2.15322
1.89473
1.94757
1.99444
2.02391
1.88574
1.84821
1.9971
2.07014
2.17549
1.99538
1.99735
2.04688
2.12163
1.94889
1.99138
2.01682
1.90595
2.2133
1.89503
1.97064
1.93943
1.96992
1.91188
1.8908
2.00337
2.0056
2.0196
2.11468
2.08181
2.09468
2.10261
1.98585
1.94931
1.95809
1.91153
1.86877
1.99869
1.95631
2.03688
2.08847
2.1092
2.0007
1.94943
2.15509
1.94789
2.07837
1.99543
1.99947
2.01637
2.04061
1.92643
1.96523
2.09751
2.05368
2.00645
2.12761
1.98464
2.16302
1.89991
2.02922
2.04625
1.97981
2.09336
2.00563
1.98042
2.03807
1.98391
1.96267
1.92726
1.85953
1.91588
2.11098
2.00332
2.07742
2.07286
2.14381
2.07103
1.9312
2.0362
2.0696
1.96179
1.85031
1.90932
2.02837
2.04222
1.88041
2.02715
1.99974
1.94569
1.95052
2.21359
1.99454
2.11849
2.03689
1.99346
1.97755
2.00347
1.86971
2.01359
2.0176
1.97889
1.95486
2.00742
2.00154
1.95781
2.14982
1.88646
2.08666
1.78271
2.00949
2.08489
2.06646
2.01476
2.05062
2.14
1.91174
2.16527
2.09871
2.07591
1.91183
2.00615
2.02568
1.93012
2.10216
2.00478
2.09626
2.03037
2.1121
2.01766
2.0353
2.02081
1.95285
2.06945
2.12765
1.83051
2.06297
1.95982
1.89409
1.93264
2.16042
1.88704
1.92846
1.77272
2.01919
1.90887
1.88842
1.91114
1.96958
1.95893
2.03009
1.83357
2.07335
1.92716
1.86408
1.90343
1.87843
1.794
1.86205
1.96097
2.07169
1.96192
1.99249
2.06848
2.15537
2.06623
1.88651
2.00578
2.18315
1.96513
1.81306
1.90057
1.86315
2.03827
2.10999
2.0244
1.98029
1.94729
1.89119
2.13689
2.23809
2.0315
1.97074
1.9291
1.96196
2.04142
1.98866
2.0968
1.97801
1.98575
2.0446
1.93495
1.95195
1.94225
1.91877
2.08691
2.07706
1.98835
1.99355
1.96372
2.03768
1.98241
2.00845
1.96682
1.80208
1.86329
1.90313
2.0652
2.18035
2.04477
2.04843
1.9401
2.02681
2.09305
1.95628
1.71255
2.02254
1.94907
2.07141
2.21651
2.02981
1.92351
2.05163
2.03746
1.83226
2.02734
1.87114
2.07828
1.92906
1.81314
2.00225
2.05947
2.04667
1.94869
1.83755
1.89692
2.08859
2.02732
2.10778
1.8732
1.7677
1.91597
2.14211
1.87561
2.03419
2.00684
2.01604
2.11338
2.03495
2.13419
1.88087
1.9392
2.15782
1.94439
2.08035
2.09844
2.00149
2.13787
1.86494
2.07895
1.87653
2.0579
2.02976
1.87252
1.97075
1.99328
2.05331
2.00742
1.8505
2.10454
2.0057
2.04805
2.11692
2.08428
2.10644
1.9344
2.05583
2.00361
2.10505
2.19873
2.13858
2.06016
2.1316
1.95345
2.04009
1.97815
1.95802
2.01665
1.93364
2.03523
1.96337
1.83398
2.01157
1.87558
2.11531
1.98238
1.87998
2.07805
1.91062
2.07168
1.87891
1.85502
2.04452
1.85593
2.14222
2.03355
2.11029
2.11809
2.16066
2.19713
2.16992
2.03083
2.14351
2.1237
1.78312
1.89384
1.93803
2.0394
1.99926
1.88241
2.00705
1.99253
2.11401
1.97912
1.93493
1.98692
1.88364
1.89605
2.08221
1.89573
2.0928
2.08389
2.03651
2.01879
2.17547
1.7666
1.998
2.12867
1.98648
2.16033
1.92819
1.9828
1.87835
2.02749
2.01156
1.95893
2.11223
1.96679
1.97483
2.10916
2.01059
2.03515
2.13786
1.99329
1.79953
1.89363
2.09586
1.99969
1.86314
2.00899
2.04969
1.9364
1.97816
2.06614
1.98544
1.96497
1.95791
2.00313
2.04188
2.01741
1.83628
2.12091
2.03795
1.98753
2.06656
1.99869
1.89915
1.99569
1.88796
1.95998
1.9489
1.99361
1.98822
1.93629
2.08992
1.93042
2.17085
1.89702
2.02754
2.11854
1.9371
2.14786
2.10436
1.91913
1.87899
1.99897
2.14456
2.02397
2.17307
1.91514
1.72896
1.89913
2.0686
1.96231
2.09473
1.97683
2.1254
2.04653
2.15452
2.03888
2.06891
1.92981
2.15958
1.88988
1.95337
1.93729
2.09362
1.95246
2.08615
1.94008
2.13256
1.94745
2.00561
1.86891
2.03559
2.14841
2.01989
1.88951
2.05367
1.87577
2.02098
2.10026
2.11927
1.94464
2.01475
1.91277
2.06178
1.94873
1.95242
2.07083
1.95139
1.89793
1.97402
1.8464
2.22018
1.92963
1.93307
1.77431
2.02116
2.07104
1.90676
2.09582
1.89162
2.02574
2.06163
2.09804
2.01554
1.93764
1.91681
1.90908
1.82255
1.91949
2.08665
2.09051
1.92146
2.14356
1.78756
1.86365
2.01061
2.01629
2.05301
2.1006
1.94564
1.89617
1.92861
1.98516
2.09066
1.91227
1.89263
1.90573
1.95949
1.93359
1.98652
2.05665
2.06586
1.84563
2.05729
1.98128
2.03646
1.9398
1.93246
2.10586
1.90745
1.98276
2.04562
2.17752
1.9435
2.08619
2.00894
2.0686
2.00506
2.08095
2.11515
1.9115
2.01454
2.02755
2.13518
1.95921
1.97028
2.00669
1.9447
2.0275
2.06431
1.96404
1.8809
2.02085
1.97277
2.13032
2.04696
2.01654
2.0721
2.01945
2.10778
2.0715
2.02093
2.02601
2.00466
1.98638
1.98577
2.13262
1.83743
1.92899
2.12312
2.03297
2.1425
1.92721
1.94335
2.05238
1.9914
1.92849
2.18367
2.11052
2.09252
2.05609
1.94404
1.93056
2.11273
1.96735
1.94583
2.02266
2.07844
2.00679
2.03232
1.91679
2.00217
1.97617
1.86918
1.97853
1.96261
2.06351
1.9719
2.29027
2.08369
2.27886
2.0413
2.08883
1.9732
2.06942
2.01143
2.17332
1.79952
2.12781
1.96997
2.05782
1.99851
1.71783
2.09195
1.88699
1.91531
2.04749
1.97968
1.83923
1.98593
1.95025
2.04046
2.08657
2.01014
2.06822
1.99591
2.00029
2.10802
2.01077
2.03752
2.17477
1.99125
1.87886
2.00785
1.85265
1.97056
1.78262
1.92416
2.05667
2.17182
2.06011
2.0354
2.04801
1.99876
1.84988
1.89796
1.87972
2.16876
2.10833
1.97838
1.96914
1.99909
2.10234
1.92289
1.82353
1.87799
1.81666
1.95764
1.97264
2.04892
2.00203
1.8684
1.90791
2.12271
1.93019
1.9235
2.19225
2.02037
1.97132
2.02036
1.98374
2.03552
1.958
1.93968
2.13479
2.0148
1.98162
2.04859
1.88656
1.97328
2.20115
1.947
2.07395
2.08713
1.95962
2.09015
1.95582
2.15316
1.97824
2.20507
2.16407
1.90728
2.07996
1.98919
1.91578
2.0994
1.92508
1.96338
2.06809
1.96464
1.98664
2.03269
2.12911
2.08488
1.94369
1.91479
1.93806
2.06233
1.91547
2.03753
2.02351
2.08015
2.00248
2.02238
1.81195
2.01179
1.82894
1.84698
2.01099
2.13588
1.94967
2.01194
2.00634
1.98219
2.10605
2.17552
1.97296
2.2642
2.18054
1.9803
1.98803
2.04237
1.99196
1.83485
2.07304
1.97451
2.12219
2.0837
2.10438
1.98337
2.01899
1.9603
1.83015
1.98211
1.95395
1.9233
1.93562
1.95034
2.07387
2.18856
2.08208
1.95128
2.05727
1.93164
2.10436
1.98721
1.95427
2.00597
2.09185
2.05298
2.02724
1.99964
2.04744
2.0473
1.87075
2.07416
2.15428
1.9042
2.09987
1.93081
2.14564
2.1202
2.06122
1.86525
1.92828
1.98651
1.96929
2.04381
1.99864
2.03896
2.15783
1.96049
2.00585
1.96168
1.92442
1.81936
1.96773
2.02721
2.07058
2.03951
1.96789
1.84923
2.05514
2.02233
2.03906
1.85512
1.97755
1.84316
2.06403
2.09643
1.87605
2.00487
2.08031
2.0646
2.05745
1.88638
1.88927
2.04166
1.95917
2.09021
2.11175
2.09474
2.04403
1.90937
1.98999
2.09845
1.97576
1.91331
2.07727
2.06642
1.94347
1.89673
2.17024
1.97736
2.07344
2.16638
2.05187
1.96373
2.15351
2.19245
2.02421
1.97611
2.15229
2.02229
2.00008
2.12417
1.90638
1.94265
1.96413
2.15181
1.95622
2.02547
2.14316
2.05477
1.99994
1.80733
1.93025
2.06359
2.10314
1.90787
2.0631
2.20673
2.03817
1.92348
2.04192
2.01549
2.05948
1.91196
1.96529
2.08437
1.97708
1.9661
1.98877
1.99287
1.8741
2.05104
2.03865
2.12758
1.82515
2.09395
2.01061
1.94139
2.1191
1.91257
1.92246
2.15876
1.9802
1.95645
2.08843
1.98644
2.13379
2.1377
1.97044
1.95129
1.97123
1.99934
1.98618
2.0111
2.03087
2.03088
2.01551
1.98857
2.042
1.8183
2.00639
2.10107
2.07891
1.8767
2.15268
1.94377
2.12463
2.01784
1.97647
2.01033
2.1503
1.88066
1.90287
2.058
2.14599
2.09701
1.85831
1.96795
1.97065
2.02691
1.98245
1.89632
2.07276
1.94457
1.93631
1.75534
2.03228
1.99492
2.00961
2.08062
2.05143
2.0052
2.04118
2.10242
1.99802
2.00661
2.20982
2.20742
1.92134
1.99366
2.08403
1.8316
2.04918
2.08397
1.97389
1.94068
2.00616
2.1011
1.98746
2.00758
1.99312
1.91701
2.04021
1.94224
2.16692
2.03836
2.00089
2.07283
1.8719
1.93913
1.86521
1.99232
2.20831
2.10958
2.10858
1.9035
2.01273
1.97633
1.88554
2.0314
2.01268
2.09788
2.13644
2.11023
2.04325
1.85214
1.99333
1.97839
1.9727
2.19716
1.89375
2.06573
1.78921
1.97207
1.89583
1.97518
2.05179
2.05312
2.11558
1.88185
2.00695
2.00037
2.04246
2.03063
2.01506
2.15795
2.20419
1.99293
1.9433
1.97295
2.05872
1.99181
1.96515
1.92008
1.95448
1.77042
1.97947
2.0359
2.02592
2.09283
1.91631
2.15225
1.93813
1.98523
2.09597
1.9526
2.06115
2.00829
1.84596
1.84705
1.98109
1.84681
1.94989
2.16382
1.93698
2.15988
1.9988
1.95492
2.01891
1.97822
1.91294
2.05023
1.94513
1.93593
1.92502
2.15725
1.95963
1.81636
1.86084
1.8042
2.00014
1.9061
1.98561
2.20947
2.09711
2.10163
2.03583
1.97953
2.12227
2.19453
1.94872
1.99335
2.03286
1.81644
2.01733
2.07876
1.81077
1.91092
2.05419
2.106
1.93211
2.06385
1.87334
1.83826
1.99474
2.19768
1.97086
1.91414
2.09901
2.03466
2.2107
1.80585
2.06281
1.9075
2.07559
1.94459
1.88659
2.08207
2.03992
1.90257
1.95645
2.03163
1.94709
2.05691
1.96661
2.07609
2.14549
2.05048
1.94558
1.97067
2.10356
2.07148
2.11175
2.00092
2.03138
2.02804
2.04922
2.1523
1.97893
1.99352
2.03433
1.97693
2.13802
1.88643
2.07204
2.06428
2.10033
2.13997
1.87924
2.13319
2.14891
1.86057
1.90862
2.02453
1.84948
2.06511
1.98027
1.88248
2.02699
2.02464
2.1345
2.09687
2.12678
2.17302
2.02776
1.87663
2.12201
1.92098
1.94632
2.0691
2.13719
1.95881
2.07039
2.17095
2.0929
2.16339
1.97153
2.11464
1.97598
1.89707
2.16069
2.01956
1.99275
2.00068
1.98392
1.95098
1.88904
2.02693
1.92053
1.90355
1.98779
1.92435
2.03523
2.06158
2.02878
1.90843
2.08853
2.07973
1.8299
1.92872
2.06605
1.8619
2.01752
2.02774
2.03015
1.98278
2.02547
1.97413
1.84007
1.98548
1.80013
2.11608
2.04416
1.88387
1.91569
2.05866
2.05426
2.05365
2.14639
1.83852
2.16909
1.97941
1.93902
1.86361
1.98729
1.80617
1.98254
1.97548
2.02965
1.96571
2.0072
2.09061
2.00422
2.09831
1.98761
1.82356
1.82816
2.03033
2.04502
1.91305
1.86482
2.02509
2.0526
2.10863
1.82178
2.0109
1.94777
1.93309
1.91115
2.09356
2.10748
2.17469
2.05639
2.17134
2.08956
2.01787
2.11422
2.11396
1.85822
1.8061
2.09494
1.99038
1.96282
1.93807
2.09204
1.99519
1.85222
2.18741
1.79619
2.02993
1.99098
2.064
2.03587
1.92323
2.04655
2.09279
1.94473
1.79165
1.87955
1.966
1.99938
2.12349
1.92576
1.97036
1.97656
2.08825
2.09888
1.91597
2.11574
1.99254
1.96815
1.87904
2.09047
2.10951
2.15965
1.87508
1.92133
1.90207
2.01395
2.17191
2.00131
1.93215
2.0712
1.95595
2.01181
1.94088
2.06259
1.98972
2.08761
1.95871
2.02306
1.94509
1.90556
1.81667
2.11568
2.06575
2.05975
1.97336
1.99748
2.14892
2.08598
1.80854
2.25489
1.93104
1.98033
2.22164
2.06855
1.93936
2.00399
1.95956
1.73666
2.061
2.10291
1.916
1.83414
1.83569
1.96354
2.00749
1.9251
1.97463
1.9606
2.14293
2.06299
2.06778
2.03203
2.01688
1.92001
1.76627
2.10305
2.11472
1.96036
2.00199
2.1943
2.00385
2.04414
2.08952
1.95203
1.96831
1.92394
2.04822
2.11323
2.20691
1.98075
2.06459
2.05767
1.90615
2.08656
2.02856
2.05576
1.93173
1.91739
1.88854
1.8429
2.13416
2.04405
2.06974
1.93333
2.01073
2.11179
1.84745
2.01012
2.08661
2.04919
2.1067
1.89803
1.894
1.92933
2.05219
2.04247
1.98118
2.14797
2.04141
2.18992
1.87525
1.88542
1.99486
1.98133
2.08969
1.95071
1.95781
2.20646
2.03096
2.17348
2.01232
1.91247
1.98627
1.95166
2.04362
1.88638
2.09039
1.83136
2.00598
2.05266
2.04903
1.83297
1.95063
1.86023
2.12535
1.87698
1.866
1.99135
2.04335
2.10058
1.92597
1.99327
1.95957
2.01364
2.12443
1.9106
2.07015
1.9076
2.14692
2.03223
1.91528
2.03697
1.89836
2.01301
1.96523
2.03934
1.96246
1.84398
2.02022
2.06906
1.92679
1.90883
1.87172
2.1295
2.02602
2.06148
2.00266
1.87723
2.06481
1.98156
2.02428
1.86874
1.99117
1.8204
1.89981
2.02242
1.9983
2.04471
2.00634
1.86022
2.07997
1.77446
2.17037
1.99336
1.96851
2.01709
2.01932
1.78043
2.05254
2.00096
1.97103
2.14096
2.00361
2.10848
2.03309
1.91151
1.68455
1.81452
2.03099
2.01239
1.91111
1.95557
1.94229
1.95792
1.82183
1.99177
2.13058
2.14298
2.08876
1.91902
2.00471
1.87412
1.88412
1.93874
2.21218
1.98456
2.05883
1.95681
2.01517
2.04504
1.94285
2.08557
2.1534
2.12774
2.02055
2.14369
2.04289
2.13269
2.00579
2.03626
1.95156
2.04664
1.96699
2.09988
1.84103
1.9584
1.93952
1.9213
1.90654
2.07118
1.85981
2.09094
2.03615
1.81576
1.82897
2.13892
2.10217
1.80441
1.92286
1.97891
1.97429
1.93016
1.97135
1.68418
2.03722
1.8615
2.13981
1.97141
1.99182
1.88421
1.9896
1.99449
2.03828
1.94615
2.10041
1.79779
1.97806
2.01872
2.03172
2.00492
2.08399
2.00798
1.98392
1.94562
1.981
2.11691
1.9091
2.00392
1.89852
2.11568
2.00353
2.09558
1.8774
2.104
1.92282
1.93856
2.04433
2.03689
1.94721
2.02246
1.86917
1.90396
2.15533
2.07432
1.81297
2.04286
2.05545
2.1344
1.85258
2.04787
1.72721
2.01382
2.09798
1.87964
2.05649
2.16109
2.02697
2.26416
2.04052
1.84631
1.94124
1.90566
2.07395
2.05625
1.96951
2.01299
1.91685
2.05034
1.99268
2.04827
2.06921
2.02455
2.12867
1.98541
2.02209
1.96379
1.984
1.9762
2.08265
2.0496
2.02031
1.95312
2.00698
2.01373
1.97303
2.05943
1.93049
1.81169
2.11744
1.89559
2.06778
1.94093
2.01636
2.07339
2.00948
1.89237
2.22158
1.87736
2.04676
2.1651
1.93479
2.02521
1.95846
1.89106
1.84437
2.04637
1.89096
2.06134
2.07036
1.94943
2.06104
2.12354
1.99494
1.80583
2.01035
2.11461
1.87956
2.12
1.80181
2.07676
1.99183
2.00748
2.03628
1.96504
2.09412
1.89527
1.95751
1.90724
1.98697
1.94524
1.93945
1.88618
1.86382
1.949
2.01948
1.90947
2.13331
1.9948
1.89469
1.92961
2.07893
2.05479
1.95925
1.8697
2.11661
2.07824
2.01164
1.93617
1.9425
2.05992
1.94907
2.05223
1.99407
2.09473
1.9447
1.86856
1.92845
2.20405
1.93858
2.04449
2.16793
1.76828
2.00113
1.86516
1.86329
1.9895
2.02599
1.81027
2.0843
2.1124
1.94041
1.87079
2.12895
2.22333
1.85129
1.87345
2.10065
1.94307
1.82436
2.14502
2.02504
2.01712
2.18804
2.0801
2.08979
1.90135
1.88953
2.03613
2.18614
2.105
2.09782
2.20322
2.01913
2.05213
2.03718
1.98268
1.85789
1.96359
2.01647
1.92282
2.00078
1.96212
1.9478
2.08347
2.06988
2.09886
2.06504
1.85463
2.01662
1.99811
2.0223
1.96234
1.99762
1.95181
2.04614
1.94824
1.87503
2.02741
2.05226
1.94346
1.87962
1.87092
1.98412
1.9871
1.89783
1.80294
2.06504
2.00186
1.99373
2.11305
2.10431
2.14779
2.04408
2.16992
1.98908
2.07256
1.96355
2.07525
1.95845
1.84937
1.90772
2.04582
1.93127
1.85092
1.99067
1.9483
2.01897
2.0746
1.95211
2.13876
2.06946
2.00597
2.02676
2.00271
1.98536
1.94896
2.06126
1.98858
1.92713
2.19258
2.09936
2.02001
1.96935
2.06441
1.91997
1.98737
2.02521
2.09247
2.07207
1.90052
2.00393
2.16048
2.07163
2.00548
1.8692
2.0009
2.14198
2.04855
2.05951
2.00995
2.20211
1.94788
2.02157
1.90878
1.89286
1.83477
1.98261
2.18745
1.95913
1.95288
1.79706
1.98097
2.01891
2.02855
1.98898
2.0207
1.91563
2.00468
1.92428
2.0288
2.02854
2.01851
1.96492
1.83641
1.84085
1.97076
2.02608
1.87741
2.06871
2.108
1.95213
2.06911
2.01293
2.05271
2.19286
1.83717
1.83868
2.19724
2.07679
2.06769
2.18378
1.86424
1.95607
2.05469
2.0208
2.02548
2.08505
1.88325
2.10011
2.01965
1.89469
2.12878
1.9795
1.98795
1.90844
1.95732
1.93565
2.01042
2.17339
1.95327
2.06635
2.04748
1.96702
2.10247
1.90592
2.02944
1.755
1.99485
1.9564
2.01347
1.95776
2.04002
2.09629
2.03596
2.1577
2.11762
2.09244
2.03548
2.01036
1.88051
2.15013
1.9497
2.11471
2.02216
1.86884
2.00507
2.08785
2.0564
2.07431
2.14923
2.02179
1.90219
1.97514
2.15668
2.06198
2.1302
2.00193
1.88906
2.08953
2.03059
1.99298
1.91216
1.99619
2.04771
1.99323
2.03195
2.22936
1.94127
2.00743
2.06637
2.03449
2.04482
1.84303
2.07963
2.01935
1.89015
2.05155
2.09114
1.94532
2.12516
1.90148
1.84371
1.92439
2.12644
2.10246
2.14733
2.06501
1.95267
1.91655
1.92749
1.79697
2.02124
2.05754
1.9293
2.17434
1.97361
2.07825
1.75776
2.01827
1.94765
2.18109
2.12848
2.0311
1.92879
1.91857
1.9985
2.00299
1.82347
1.84463
2.0543
2.01393
1.95132
1.97272
2.08243
1.90526
1.92738
2.20936
2.13894
1.86801
1.88668
2.02104
2.16515
2.08054
1.96531
1.91151
1.90892
2.01746
1.93493
2.08162
1.97022
1.88705
2.07198
2.13322
1.87469
1.84853
1.91691
2.01252
1.98726
2.02541
2.01678
1.91576
2.16641
1.92717
2.00242
1.87629
2.04693
2.01879
1.90331
2.08343
2.0862
1.94943
1.92611
1.99091
1.99351
2.01615
1.94943
2.00427
2.06516
2.04238
2.13321
1.83046
2.04485
1.95475
1.972
2.01334
2.03382
1.95921
1.95272
1.95362
2.04489
2.03378
1.93492
2.08132
2.22572
1.92615
2.02174
1.93732
1.90128
2.14385
1.95852
2.1347
1.94426
1.92987
1.86176
1.95126
2.03853
2.03618
2.05905
2.01886
1.98553
2.22912
1.78934
1.98436
1.81356
1.93765
2.02459
2.08116
1.89164
2.08266
1.75711
2.09467
1.97809
2.0467
2.01052
2.0593
1.88836
2.12386
1.93876
1.97409
1.98725
1.99838
1.91652
1.99329
1.95014
2.1229
2.13916
1.9562
2.00079
1.93639
1.87661
2.15562
1.93161
1.82167
1.95291
2.09206
2.08372
1.88575
1.86206
2.06709
2.06119
1.9643
1.75467
2.08578
2.06644
2.03567
1.95189
2.10275
1.9146
2.01989
2.06663
1.91839
2.02784
1.71056
1.84619
1.73055
1.87102
1.93073
1.9695
2.16708
2.12305
2.04252
1.95481
2.13651
2.0561
2.04875
2.07195
2.00723
2.0207
1.89171
1.94321
2.0731
2.03079
1.841
2.02996
1.90682
2.07302
1.81464
1.95893
1.93191
1.89036
2.10795
1.93279
2.045
2.10942
1.9091
2.05949
2.09606
1.91851
2.00142
2.06331
2.01898
1.94231
2.08659
1.79258
2.10885
2.03918
1.99696
1.8891
2.03591
2.06149
2.08968
1.91579
1.99896
2.20257
1.86904
1.98636
2.03612
2.18833
1.94378
1.86952
2.02343
1.86063
1.90131
2.12823
1.99916
1.8884
2.23009
1.78131
1.92464
2.20058
2.09949
1.95549
1.92394
2.03433
2.04041
2.14069
2.11063
1.97984
1.99647
2.0228
1.97475
2.07473
2.06653
2.10396
2.08269
1.97212
2.13732
2.01282
2.1057
2.0087
1.77774
2.05843
2.0274
2.10305
1.99626
2.02713
1.87395
1.94106
2.09488
2.09847
2.06099
1.9507
2.06148
2.10816
1.94019
1.88997
1.91381
2.10143
2.0521
2.06033
2.08305
1.98795
1.76518
1.94739
1.94214
1.88663
1.97913
2.01351
1.96954
2.01491
1.98276
1.84752
2.08399
2.01462
2.03468
1.92442
2.08531
1.91236
1.96025
1.98984
2.15203
2.10676
2.1176
1.96559
2.08768
2.06024
2.10198
2.0212
2.09112
1.89836
1.93465
1.88555
1.91174
2.0279
2.03723
1.8454
1.82993
2.00252
2.06427
2.02322
1.98147
2.03602
1.92787
2.11783
2.07914
2.08626
1.90303
2.04048
1.88493
2.08699
1.92286
1.95281
2.09093
1.89167
1.95548
2.14215
1.98757
2.15353
1.96703
2.09748
1.81403
2.1194
1.93091
2.05962
1.93827
2.05814
1.92242
2.18052
2.15078
1.8828
1.86138
1.90778
2.20304
2.01707
1.83332
1.95683
1.81074
2.01688
2.07935
1.93667
1.98148
1.95204
2.17955
2.00184
2.13096
1.95443
2.05947
1.97722
1.99896
2.00569
1.95095
2.03212
1.88949
1.99649
1.954
1.96992
1.92966
2.11241
2.07324
2.05221
2.15552
2.11547
2.10219
1.85423
2.01373
2.10924
1.83909
2.11099
2.0283
2.09921
1.98274
2.00744
2.07925
1.9699
2.07866
2.03177
1.90175
2.1318
2.14274
1.89685
1.86314
2.06895
1.83146
2.06795
2.1058
1.83287
1.93929
1.9625
1.82361
1.87297
1.94162
2.12963
1.94527
2.20723
2.02321
1.97528
2.11686
1.9004
1.91269
1.96203
1.92594
1.98231
2.21705
1.76682
2.12762
2.14473
2.02279
2.18107
1.86644
2.03417
1.96885
1.89751
1.99686
2.13099
2.06558
1.76782
1.94759
2.12079
1.94965
1.95479
2.07039
1.95034
1.96336
2.06092
1.94569
2.05919
2.02127
2.01637
2.02857
1.94801
1.82536
1.86561
2.05486
2.03639
2.06974
1.93889
1.98384
1.73931
2.09937
1.88723
2.08417
2.06265
1.90821
2.12277
1.8523
2.04363
1.94103
2.175
2.13921
2.00986
2.13009
1.9899
2.0335
1.92763
2.15063
2.02121
1.89031
2.10748
2.02984
2.04316
2.14514
1.93265
2.06556
1.88583
1.99168
2.03238
2.09857
1.87106
1.94773
1.84706
2.08228
2.00681
1.99706
2.00026
1.87
2.01682
2.09811
2.06996
2.0826
1.96456
2.08107
1.86694
2.11754
2.05062
1.98106
2.21788
1.94208
2.03971
2.00367
2.0251
1.92953
1.85583
1.9306
2.01943
2.11313
1.94325
2.05782
1.91768
1.94786
1.93636
2.17307
2.02846
1.94529
2.09623
2.0568
2.11766
1.88996
1.86235
1.85901
2.07371
2.07193
1.98755
1.98195
1.92204
1.94663
1.96384
2.02955
2.0612
2.00242
2.09519
2.18887
2.07818
2.10568
2.03085
2.03372
2.05175
2.07722
2.10004
1.9198
2.18065
1.76762
1.90164
2.0957
1.93796
1.92862
1.85436
2.07821
2.0388
1.9252
1.90169
2.02727
1.79926
2.0815
2.01927
1.99096
1.98336
2.18067
1.91826
1.94127
2.16953
2.00706
1.9367
2.09303
2.1447
2.10321
2.16352
1.88754
2.10601
1.86749
1.98432
1.99022
2.11601
2.0586
1.82511
2.01299
2.10449
1.93299
2.09283
1.8664
2.03059
1.9048
2.02125
1.84093
2.01422
2.02274
1.96487
1.96004
2.06823
1.97333
1.92397
1.89694
1.90116
2.12142
1.93885
2.05286
1.99357
2.09791
1.95202
1.96167
2.01454
2.0617
2.08803
1.98168
1.87431
2.07839
1.93628
1.89251
2.15302
1.87383
2.13751
1.99203
1.93602
2.05857
2.09698
2.09447
2.08419
2.01532
2.10462
2.13521
2.19521
1.96833
2.00388
2.1139
2.05476
1.95746
2.14579
2.12251
2.08251
1.97334
2.09911
2.00188
2.0232
1.9079
1.85663
1.93166
2.06947
2.04694
2.056
2.10911
2.01765
2.06446
1.76705
2.04208
1.99858
1.93414
2.06748
1.87719
2.19076
1.79619
1.98357
1.99448
1.94698
1.99132
1.86526
1.98156
2.1955
2.01345
2.12867
1.90455
1.90546
2.06387
1.90449
1.9434
1.9821
2.03519
2.01877
1.94496
2.03918
1.90148
1.95224
1.88096
1.82307
2.11491
2.02692
1.91319
2.01023
2.14277
1.87632
2.0469
2.00644
2.12097
1.95583
1.97915
2.09925
2.10643
1.94223
1.93208
2.15611
2.20924
1.84292
1.9797
2.0048
2.03608
2.26026
1.99561
2.0264
1.78768
1.81588
2.06141
1.92832
2.10841
1.94219
1.99693
2.01104
1.98637
2.11126
1.97988
1.98431
2.01785
1.79324
2.15782
2.02663
2.06408
2.01162
2.13715
1.955
2.13448
1.9651
1.97355
2.04923
1.85494
1.92607
1.99434
1.94264
1.9837
2.21382
2.03094
2.09572
1.98292
2.10384
2.13034
1.85001
2.14851
2.0315
1.91296
2.1452
2.14057
1.90894
1.94352
2.01218
1.98458
1.96348
1.79965
1.79646
2.04988
2.02065
1.90203
2.09556
2.01317
1.99266
1.72028
1.96888
1.79811
2.06978
2.09922
1.9148
2.00167
1.94461
2.02888
1.97309
2.14513
1.83167
1.93667
2.0268
1.96194
1.84245
1.9503
2.14031
1.92917
2.01743
2.17563
2.02148
1.94169
2.02347
1.94121
2.06041
2.1531
1.9576
1.95557
1.96435
2.03699
2.13446
1.91438
2.11247
2.17253
1.88625
2.17682
1.96492
1.99048
2.06082
1.99565
1.84919
1.99001
2.00995
1.97473
1.88337
1.9963
2.12419
2.0034
2.18885
2.14231
1.93406
2.05039
1.98255
2.01795
1.7479
1.94928
1.93816
2.00014
1.89208
2.09032
2.08102
1.96909
1.99054
2.08204
1.98757
2.07358
1.93074
2.06525
2.0993
1.87345
2.16106
2.07865
1.96972
2.0107
2.04344
1.90755
2.06157
1.91558
1.94907
1.97829
1.9535
1.96266
2.04981
2.28879
2.06365
1.91179
2.00925
2.16282
1.96564
1.94884
1.86187
2.14182
2.06978
1.93711
1.98754
1.89025
2.17179
1.86731
1.91981
1.8853
2.05001
2.01574
1.99127
2.02903
2.08328
1.86043
1.95537
1.98228
2.00105
2.02353
2.10991
1.91532
1.89852
1.95178
1.92624
2.11817
2.02285
2.03515
2.05238
1.8779
1.90672
2.26082
1.93255
1.97176
2.0081
1.87536
1.99727
2.10925
2.0996
2.10134
2.02262
1.99125
2.07346
1.91239
2.06297
1.94623
1.94325
2.01562
2.04997
2.14099
1.88742
2.0176
2.24431
1.98367
1.82584
2.05864
1.83789
1.94435
2.01093
1.99749
2.011
2.07359
2.0987
1.86921
1.97887
2.07418
2.22229
2.01146
1.95312
2.04891
1.93516
2.01506
2.14981
2.0045
1.92824
1.7781
2.09761
2.01866
1.83801
1.817
1.98834
2.06492
1.95277
2.17208
1.93911
2.00214
2.10905
1.97177
2.07387
1.83884
2.04676
2.10341
1.98947
2.14517
1.82546
2.00691
1.92567
1.9701
2.02001
2.00385
1.96301
1.86181
2.10709
2.00478
2.08997
2.04871
2.19128
2.0084
1.96712
2.03011
2.0668
2.02727
2.03041
2.07232
2.03649
2.08509
2.13647
2.04129
1.83261
1.93299
1.9526
1.90083
2.07104
2.00934
1.90802
1.9545
2.05864
1.86638
2.0239
2.05255
2.08656
2.10522
2.0678
1.92913
2.13083
1.87
2.02392
2.12857
1.80792
2.05877
1.91408
2.11592
2.08175
2.04419
2.04031
1.90192
1.99149
2.04733
1.7968
2.03286
1.922
2.0017
1.98478
2.13216
2.02704
1.96297
2.11704
1.92142
1.89085
1.96434
1.90344
1.96386
2.00708
1.8895
2.21412
2.08267
1.97326
2.06992
2.03006
1.9156
2.05365
1.88185
1.87795
2.0245
1.89775
1.97855
2.05614
2.05205
2.05181
1.9897
1.94592
1.9157
2.0007
1.90977
2.02227
2.20162
1.9218
1.93959
1.91702
1.95434
2.13204
1.93187
1.94783
1.97838
2.02345
1.98703
2.0286
1.9999
2.06724
1.82283
2.00951
1.83723
1.93293
2.0728
1.76169
1.87083
2.0604
2.05719
2.0802
1.96208
2.15191
2.00585
1.91901
2.00158
2.16232
2.01585
2.01135
1.91191
1.99063
1.76849
1.77526
2.05023
2.08738
2.01984
1.89547
1.97881
1.8838
1.94664
1.80703
2.09399
2.09713
2.07092
1.94669
1.98935
1.65316
2.13303
1.943
2.05514
1.95763
2.09243
2.15247
1.87366
1.89913
2.1581
2.00539
1.8197
1.98645
1.91899
1.98287
1.93102
2.09839
1.86833
1.70879
2.01454
2.08113
2.02145
1.98929
2.02858
2.12748
2.06653
2.10757
1.93012
2.13385
1.87873
1.90325
2.02579
1.99196
1.99882
1.83662
1.955
1.88618
2.04507
1.91217
2.20932
2.00689
2.0954
2.10945
1.97251
1.88514
2.13776
2.00551
2.13008
1.96661
2.04149
2.00574
2.08019
2.03839
1.92435
2.04747
1.92257
2.02096
2.04
1.99817
2.08937
1.91779
1.81722
1.98527
1.8285
1.76289
1.91907
2.00661
1.89983
1.94283
2.13252
2.0257
1.83456
2.16301
1.94702
1.95611
2.11485
2.08763
2.02835
2.09966
2.08095
2.05175
2.09664
2.00744
2.06064
1.83676
1.97482
1.91216
1.87293
1.9369
2.0726
1.95326
1.91718
2.0054
2.26529
2.02236
2.01748
1.91947
1.94197
1.926
1.93785
1.92984
1.94338
1.82754
1.82341
1.91398
1.97631
1.82942
1.98685
2.06095
2.14177
1.98643
2.01892
1.96285
2.29094
2.00924
2.17019
1.9918
2.08246
1.98526
1.86237
2.12649
2.00884
2.00867
2.07188
2.05863
2.00975
1.98668
2.06109
1.93222
1.99685
1.92421
1.94856
1.9074
2.01569
2.05241
1.94123
2.12105
2.06399
2.00682
1.97259
2.02078
2.24312
2.04571
1.95448
1.95636
1.94953
2.13269
1.84151
1.93647
2.11057
2.00207
2.02161
2.02528
1.76281
2.11341
1.9357
2.00082
2.16077
2.02645
1.97889
2.05694
1.94618
2.03428
2.2356
2.17235
2.01763
1.89067
1.96226
2.11839
2.08439
1.9381
1.91042
2.13656
2.15685
2.07426
2.06085
2.10254
1.91707
1.92487
1.99538
1.78219
2.07115
1.97842
1.96092
2.12039
1.98592
2.09665
1.93904
1.943
2.08408
1.97967
2.05556
2.08497
1.91365
1.97996
1.79439
1.82243
2.09603
2.12455
2.12323
1.98856
2.06334
1.81192
1.91772
1.98736
1.97939
1.88099
2.08121
2.02537
2.07351
2.03438
2.02991
1.99227
1.86457
2.06571
2.10909
1.9977
2.05307
2.15157
2.10674
1.85509
1.95757
1.9422
1.74569
2.05159
2.10367
1.93917
1.96149
2.0531
2.20375
1.84395
2.05282
